1.18043950834778,-0.745189236791205,0,0,1.79396860392088,0
1.18043950834778,-0.794189236791205,0,-0.98,1.93939080935501,2.87767885736763
1.18043950834778,-0.941189236791205,0,-1.96,2.35743089539346,5.39468308074422
1.18043950834778,-1.18618923679121,0,-2.94,2.99569369826091,7.2355432859752
1.18043950834778,-1.5291892367912,0,-3.92,3.77418238223972,8.16953477667225
1.18043950834778,-1.9701892367912,0,-4.9,4.59532486404449,8.07959548451737
1.18043950834778,-2.5091892367912,0,-5.88,5.35620303545889,6.97699797428153
1.18043950834778,-3.1461892367912,0,-6.85999999999999,5.96145203140855,4.99993659396257
1.18043950834778,-3.8811892367912,0,-7.83999999999999,6.33521281032453,2.39620684995048
1.18043950834778,-4.7141892367912,0,-8.82,6.4306399670043,-0.507852107725759
1.18043950834778,-5.6451892367912,0,-9.8,6.23577311375385,-3.34825928831777
1.16106407491726,-6.57054372150168,-0.82066391486869,-6.31291303893909,5.98532106372711,3.26982547946155
1.00238338677088,-6.7985356993151,-1.91806939619146,-0.749360459245246,7.09425980308489,13.5826652850403
0.810576447151734,-6.92247174523962,-1.91806939619146,-1.72936045924525,8.2372983864684,9.0362872680766
0.618769507532588,-7.14440779116415,-1.91806939619146,-2.70936045924525,8.86360495329775,3.35734381759728
0.426962567913442,-7.46434383708867,-1.91806939619146,-3.68936045924524,8.89468120584174,-2.74239320030931
0.235155628294296,-7.88227988301319,-1.91806939619146,-4.66936045924524,8.32663219384736,-8.49841164747919
0.0415737668589717,-8.26725784239603,-1.97670668350456,-0.263781390364592,7.49178087630203,-2.47585457674868
-0.155564244243357,-7.82684758741735,-1.95822749701872,6.23563629461201,8.05647886208615,7.96451603231058
-0.351386993945229,-7.25228395795615,-1.95822749701872,5.25563629461201,8.58918817791263,2.57697129347275
-0.547209743647101,-6.77572032849495,-1.95822749701872,4.27563629461201,8.56106127793425,-3.13355881791307
-0.743032493348973,-6.39715669903375,-1.95822749701872,3.29563629461202,7.97562345454062,-8.45134351334238
-0.938855243050845,-6.11659306957255,-1.95822749701872,2.31563629461202,6.90625071080241,-12.7098768539849
-1.1303937498052,-5.91069895912356,-1.63999387518342,3.04549485080293,5.53436553444099,-11.90303133539
-1.19856139858001,-5.18383010509687,0.0672230523704134,10.2857976888737,5.23165030946447,3.46044040950846
-1.19078967648854,-4.19972858130535,0.0779274006715711,9.35191939765409,5.50952248130566,1.94719865021539
-1.18299693642139,-3.31353664153994,0.0779274006715711,8.37191939765408,5.61273479580329,0.0952122347760409
-1.17520419635423,-2.52534470177453,0.0779274006715711,7.39191939765408,5.52816545941298,-1.76870763104835
-1.16741145628707,-1.83515276200912,0.0779274006715711,6.41191939765408,5.26641399208115,-3.41094606225569
-1.15961871621992,-1.24296082224372,0.0779274006715711,5.43191939765408,4.86028708258566,-4.62567267456737
-1.15182597615276,-0.748768882478307,0.0779274006715711,4.45191939765408,4.36068675359411,-5.26063938959895
-1.1440332360856,-0.352576942712899,0.0779274006715711,3.47191939765409,3.83023054330971,-5.23626248767478
-1.13624049601845,-0.0543850029474898,0.0779274006715711,2.49191939765409,3.33540331990554,-4.55559725419526
-1.12844775595129,0.145806936817919,0.0779274006715711,1.51191939765409,2.93822438314271,-3.30395504464124
-1.12065501588414,0.247998876583328,0.0779274006715711,0.531919397654087,2.68847425917897,-1.63821076346155
-1.11286227581698,0.252190816348737,0.0779274006715711,-0.448080602345912,2.61745544527014,0.232859093187475
-1.10506953574982,0.158382756114145,0.0779274006715711,-1.42808060234591,2.7340691030721,2.07474349432859
-1.09727679568267,-0.0334253041204459,0.0779274006715711,-2.40808060234591,3.0236994292137,3.65658937570254
-1.08948405561551,-0.323233364355037,0.0779274006715711,-3.38808060234591,3.4500455308397,4.78013566909859
-1.08169131554835,-0.711041424589628,0.0779274006715711,-4.36808060234591,3.95967120753743,5.30456240530256
-1.0738985754812,-1.19684948482422,0.0779274006715711,-5.34808060234591,4.4887023915204,5.16414042186459
-1.06610583541404,-1.78065754505881,0.0779274006715711,-6.32808060234591,4.97083282066069,4.37646954489738
-1.05831309534689,-2.4624656052934,0.0779274006715711,-7.30808060234591,5.34563455123421,3.04027271025732
-1.05052035527973,-3.24227366552799,0.0779274006715711,-8.2880806023459,5.56613171008812,1.32302249849827
-1.04272761521257,-4.12008172576258,0.0779274006715711,-9.26808060234591,5.60468822801686,-0.560049084915161
-1.03493487514542,-5.09588978599717,0.0779274006715711,-10.2480806023459,5.45647161374119,-2.37292676943626
-0.997839679362031,-6.00742766745911,1.05305792523695,-5.6936719717308,5.46842907283346,7.2641593546772
-0.840982892008446,-6.30214536759717,1.72828151984969,-2.40409579288315,6.74125862557655,13.4486208432725
-0.668154740023476,-6.59155494688548,1.72828151984969,-3.38409579288315,7.89329570822785,9.34839798940579
-0.495326588038507,-6.9789645261738,1.72828151984969,-4.36409579288315,8.57171644018096,4.07649122294221
-0.322498436053538,-7.46437410546211,1.72828151984969,-5.34409579288315,8.69149078115688,-1.70634363952342
-0.149670284068569,-8.04778368475043,1.72828151984969,-6.32409579288314,8.23760678273968,-7.27531347455721
0.0247275286865559,-8.49045396037906,1.75637982323756,0.180253789148163,7.74202577564715,2.90008350021209
0.197583511990257,-8.13420134687955,1.71612902730091,4.29326989163075,8.56246078272381,8.0193600155633
0.369196414720348,-7.75387435771648,1.71612902730091,3.31326989163075,9.06883075787501,2.00091279865439
0.540809317450438,-7.4715473685534,1.71612902730091,2.33326989163075,8.95424838872904,-4.26831934833806
0.712422220180529,-7.28722037939033,1.71612902730091,1.35326989163075,8.23307488656194,-10.0025805708166
0.883734430600459,-7.19839712598692,1.66777553413991,0.772120045273823,7.00072620683889,-13.6799240314435
0.991500401817907,-6.7234461518087,0.38423453648722,9.25273021852936,6.37361392196073,2.34260675368508
1.0142747458212,-5.7429390104865,0.208776324085012,9.44011054187063,6.66858989332611,1.63627574582059
1.0351523782297,-4.84792795629943,0.208776324085012,8.46011054187063,6.6687261565721,-1.63357930820533
1.0560300106382,-4.05091690211237,0.208776324085012,7.48011054187063,6.34872781490511,-4.69868927136492
1.0769076430467,-3.35190584792531,0.208776324085012,6.50011054187063,5.74870194436771,-7.17488778292294
1.0977852754552,-2.75089479373825,0.208776324085012,5.52011054187063,4.94385294474098,-8.75181985331551
1.1186629078637,-2.24788373955118,0.208776324085012,4.54011054187063,4.03505677638304,-9.23184028812437
1.1395405402722,-1.84287268536412,0.208776324085012,3.56011054187063,3.13621764529306,-8.55478560032991
1.1604181726807,-1.53586163117706,0.208776324085012,2.58011054187063,2.35999178959277,-6.80551461672676
1.1812958050892,-1.32685057698999,0.208776324085012,1.60011054187063,1.80366768038914,-4.20327267462051
1.17362789817256,-1.18559444204031,-0.515767029647846,1.37863050597221,1.61962307388309,0.996750926478257
1.11695165987222,-1.09160080704417,-0.570071690421348,0.453258673699023,1.88775338235805,4.17368378422409
1.05994449083008,-1.09527493967427,-0.570071690421348,-0.526741326300976,2.43591122180391,6.67350575233397
1.00293732178795,-1.19694907230436,-0.570071690421348,-1.50674132630098,3.19445542579318,8.33690212751736
0.945930152745813,-1.39662320493446,-0.570071690421348,-2.48674132630098,4.0683136576677,8.95539068904782
0.888922983703678,-1.69429733756456,-0.570071690421348,-3.46674132630097,4.94796066685613,8.45145301094368
0.831915814661543,-2.08997147019466,-0.570071690421348,-4.44674132630097,5.72314566486622,6.88825025420781
0.774908645619409,-2.58364560282475,-0.570071690421348,-5.42674132630097,6.29671063676227,4.46170684615427
0.717901476577274,-3.17531973545485,-0.570071690421348,-6.40674132630097,6.59676766643644,1.47595424094876
0.660894307535139,-3.86499386808495,-0.570071690421348,-7.38674132630097,6.58570902741886,-1.69478747592719
0.603887138493004,-4.65266800071505,-0.570071690421348,-8.36674132630097,6.26492075713355,-4.65311256019094
0.546879969450869,-5.53834213334514,-0.570071690421348,-9.34674132630098,5.67460893753329,-7.02823856189705
0.462727512773229,-6.2069940566454,-1.29679139970887,-1.55781140170389,5.51728591604282,8.87665858603699
0.312807116503792,-6.12600604706818,-1.54262443372688,0.954347899321,6.86278634526788,13.2809544873411
0.158544673131104,-6.07957125713608,-1.54262443372688,-0.0256521006789997,7.99079266531738,9.04053299671706
0.00428222975841581,-6.13113646720398,-1.54262443372688,-1.005652100679,8.632962827996,3.6670139330642
-0.149980213614272,-6.28070167727188,-1.54262443372688,-1.985652100679,8.70881026762607,-2.16611128312566
-0.30424265698696,-6.52826688733978,-1.54262443372688,-2.965652100679,8.20882862548407,-7.72774637374833
-0.458505100359648,-6.87383209740768,-1.54262443372688,-3.945652100679,7.19568323176048,-12.3208223467597
-0.594633802634148,-7.08133974099721,-0.924015331089825,2.90967163789366,6.26772117461213,0.221898459586344
-0.64952744712613,-6.40992231571889,-0.430704936884338,7.54276945589505,7.00476777819858,8.3749927132855
-0.692597940814564,-5.70464537012938,-0.430704936884338,6.56276945589505,7.64357191414899,4.26594579220905
-0.735668434502999,-5.09736842453987,-0.430704936884338,5.58276945589505,7.84005889660184,-0.3777745629863
-0.778738928191433,-4.58809147895037,-0.430704936884338,4.60276945589506,7.5696019781092,-4.97414644424668
-0.821809421879867,-4.17681453336087,-0.430704936884338,3.62276945589506,6.86609894745263,-8.94708237691535
-0.864879915568301,-3.86353758777136,-0.430704936884338,2.64276945589506,5.81772354140561,-11.7986333943907
-0.907950409256735,-3.64826064218185,-0.430704936884338,1.66276945589506,4.55587416631585,-13.1713996023888
-0.947613697618574,-3.51818558459226,-0.134674023299135,1.79041131942191,3.26517307559141,-10.6031680395171
-0.855314490944033,-3.00297513529744,1.72277174839089,7.53375787180119,3.07066653565308,4.72307290729429
-0.682527781306149,-2.29681189684298,1.72795680435933,6.57194688019137,3.60212236899122,5.75707820284549
-0.509732100870216,-1.68861720882384,1.72795680435933,5.59194688019137,4.19786259239558,6.03169257250948
-0.336936420434283,-1.1784225208047,1.72795680435933,4.61194688019137,4.78315454342219,5.55032317241354
1.03818030010956,-0.991494249195024,0,0,1.86837149824133,0
1.03818030010956,-1.04049424919502,0,-0.98,2.00913105054305,2.78541221694437
1.03818030010956,-1.18749424919502,0,-1.96,2.41376757203772,5.22171406346348
1.03818030010956,-1.43249424919502,0,-2.94,3.03156583822592,7.00355100896182
1.03818030010956,-1.77549424919502,0,-3.92,3.78509394145947,7.90759605278211
1.03818030010956,-2.21649424919502,0,-4.9,4.57990823938404,7.82054047237565
1.03818030010956,-2.75549424919502,0,-5.88,5.31639047361175,6.7532954017451
1.03818030010956,-3.39249424919502,0,-6.85999999999999,5.90223345025079,4.83962428160252
1.03818030010956,-4.12749424919502,0,-7.83999999999999,6.26401038624968,2.31937758346089
1.03818030010956,-4.96049424919502,0,-8.82,6.35637787449929,-0.491568912089895
1.03818030010956,-5.89149424919502,0,-9.8,6.16775901165029,-3.24090448915105
1.00462093485954,-6.71229235106284,-1.02681828751054,-4.27200965015746,6.14144763343073,7.47270470631781
0.856556728826979,-6.87515450057056,-1.60926459177783,-1.20990117139879,7.37034741934006,12.3381012323055
0.695630269649196,-7.04514461771044,-1.60926459177783,-2.18990117139879,8.37423866338454,7.52734228614583
0.534703810471414,-7.31313473485032,-1.60926459177783,-3.16990117139879,8.84423444537087,1.77314192134698
0.373777351293631,-7.6791248519902,-1.60926459177783,-4.14990117139879,8.72142772076501,-4.20329565092198
0.212843654006382,-8.14284796777645,-1.61170163669005,-5.03885857211839,8.02174467002865,-9.47077686741573
0.0444300325054237,-8.27694667324448,-1.75109613167487,3.82738415671735,7.68061423436918,5.66736462413165
-0.131171743996972,-7.7357942760977,-1.75619926454862,5.3028938422202,8.42029692468527,5.57720504963177
-0.306791670451834,-7.25450489187568,-1.75619926454862,4.3228938422202,8.69648358172272,-0.111901443419184
-0.482411596906696,-6.87121550765366,-1.75619926454862,3.3428938422202,8.39838612539749,-5.78698273966304
-0.658031523361558,-6.58592612343164,-1.75619926454862,2.36289384222021,7.56336667854489,-10.736751037136
-0.833576519048515,-6.39805412773991,-1.7364028110421,1.53619423656193,6.29725735411022,-14.0317203137962
-0.953019761364633,-5.91319339147457,-0.488324652381686,9.04087859660244,5.54835241476971,1.0047709514374
-0.98156472546055,-4.93516015987747,-0.256666145821616,9.46234882271153,5.80194178363103,1.86608510153275
-1.00723134004271,-4.03792527760632,-0.256666145821616,8.48234882271153,5.87888767676283,-0.343445768616116
-1.03289795462487,-3.23869039533517,-0.256666145821616,7.50234882271153,5.73469357790115,-2.50993077329887
-1.05856456920704,-2.53745551306401,-0.256666145821616,6.52234882271153,5.38743209222743,-4.36183294651863
-1.0842311837892,-1.93422063079286,-0.256666145821616,5.54234882271153,4.88062732908482,-5.66704364393051
-1.10989779837136,-1.42898574852171,-0.256666145821616,4.56234882271153,4.2777997963202,-6.26197394062537
-1.13556441295353,-1.02175086625055,-0.256666145821616,3.58234882271153,3.65450504078228,-6.07205809191665
-1.16123102753569,-0.712515983979401,-0.256666145821616,2.60234882271153,3.08886387405056,-5.12109925049669
-1.18689764211785,-0.501281101708247,-0.256666145821616,1.62234882271153,2.65177108003705,-3.52828609205307
-1.21256425670001,-0.388046219437094,-0.256666145821616,0.642348822711532,2.39800979865989,-1.49325427135544
-1.23823087128218,-0.372811337165941,-0.256666145821616,-0.337651177288467,2.35938526664082,0.728934964869534
-1.26389748586434,-0.455576454894788,-0.256666145821616,-1.31765117728847,2.54073849982244,2.85976294616177
-1.2895641004465,-0.636341572623634,-0.256666145821616,-2.29765117728847,2.91933954318225,4.6321617888985
-1.31523071502866,-0.915106690352481,-0.256666145821616,-3.27765117728847,3.44773633569905,5.82398741950306
-1.34089732961083,-1.29187180808133,-0.256666145821616,-4.25765117728846,4.05970212686417,6.28586206013838
-1.36656394419299,-1.76663692581017,-0.256666145821616,-5.23765117728846,4.67853602381689,5.95989653165028
-1.39223055877515,-2.33940204353902,-0.256666145821616,-6.21765117728846,5.22667631785801,4.88694580901112
-1.41789717335731,-3.01016716126787,-0.256666145821616,-7.19765117728846,5.63542170154214,3.20148845232056
-1.44356378793948,-3.77893227899671,-0.256666145821616,-8.17765117728846,5.85354196505603,1.11477170122146
-1.46923040252164,-4.64569739672556,-0.256666145821616,-9.15765117728846,5.85369894799505,-1.11166525325916
-1.49467699329062,-5.60964588601573,-0.20751544145495,-9.95453171921702,5.63756427610124,-2.819641672066
-1.42260857100545,-6.28279467487008,1.79076051942749,-2.7491554269678,6.02490527006238,12.0304522600269
-1.21853119626424,-6.49414367375009,2.07466335767809,-2.44910707016169,7.30976506168836,11.4012352789795
-1.01106486049643,-6.78805438076626,2.07466335767809,-3.42910707016169,8.22573160282993,6.72431536787811
-0.803598524728624,-7.17996508778243,2.07466335767809,-4.40910707016169,8.62641585327942,1.20460162744705
-0.596132188960816,-7.6698757947986,2.07466335767809,-5.38910707016169,8.46159794747735,-4.4660911736807
-0.387804110093121,-8.24126760369332,2.14587336959688,-4.9581462280711,7.78499255011515,-6.75516805786153
-0.153008081002258,-8.2451717366451,2.49052462981234,4.30886454959462,7.96521824389062,9.17327539575036
0.0967983552651677,-7.8179773082864,2.49857601703395,3.81480629701678,8.71094855527984,4.74200956320766
0.346655956968563,-7.48549667858473,2.49857601703395,2.83480629701678,8.88715327173597,-1.25519277539994
0.596513558671958,-7.25101604888305,2.49857601703395,1.85480629701678,8.4651762392477,-7.09507519839782
0.846371160375353,-7.11453541918137,2.49857601703395,0.874806297016778,7.49790605980509,-12.0456945113962
1.07792563458561,-6.94682698021986,1.77347940332814,4.86860492834703,6.36670177125408,-5.49544798246017
1.18913070093128,-6.10554476114752,0.837835816264047,9.53123074534662,6.49465970487742,3.10291029937919
1.27291428255769,-5.20142168661286,0.837835816264047,8.55123074534661,6.64928253827124,-0.0431653500260127
1.35669786418409,-4.3952986120782,0.837835816264047,7.57123074534661,6.48620773774836,-3.18383085893599
1.4404814458105,-3.68717553754354,0.837835816264047,6.59123074534661,6.02587432618272,-5.92545009247899
1.5242650274369,-3.07705246300888,0.837835816264047,5.61123074534661,5.32597831239187,-7.92440148531986
1.60804860906331,-2.56492938847422,0.837835816264047,4.63123074534661,4.47424134674164,-8.93014594062904
1.69183219068971,-2.15080631393955,0.837835816264047,3.65123074534661,3.57741610510255,-8.81662821346013
1.77561577231612,-1.83468323940489,0.837835816264047,2.67123074534661,2.7479064142347,-7.59807607791864
1.82582961988515,-1.58565772903099,-0.509956374425876,2.91021768961071,2.18065189473847,-1.8129940688105
1.68379780013075,-1.26684751122945,-1.67807991532833,2.91155460626351,2.35919218448003,3.62925726462139
1.51598980859792,-1.0246920506031,-1.67807991532833,1.93155460626351,2.82450550664331,5.57856835820156
1.34818181706508,-0.880536589976745,-1.67807991532833,0.951554606263507,3.45150062679253,6.8286881241877
1.18037382553225,-0.834381129350395,-1.67807991532833,-0.028445393736493,4.16159294717797,7.22293247400448
1.01256583399942,-0.886225668724044,-1.67807991532833,-1.00844539373649,4.86578286067598,6.71188868873144
0.844757842466586,-1.03607020809769,-1.67807991532833,-1.98844539373649,5.4758105398778,5.3596085751665
0.676949850933753,-1.28391474747134,-1.67807991532833,-2.96844539373649,5.91521800569567,3.33558051585077
0.509141859400921,-1.62975928684499,-1.67807991532833,-3.94844539373649,6.1289320082145,0.89348659819612
0.341333867868088,-2.07360382621864,-1.67807991532833,-4.92844539373649,6.09016664690797,-1.66059269644004
0.173525876335256,-2.61544836559229,-1.67807991532833,-5.90844539373649,5.80378058849846,-4.00654117012278
0.00571788480242297,-3.25529290496594,-1.67807991532833,-6.88844539373649,5.30566810469533,-5.85032875592479
-0.16209010673041,-3.99313744433959,-1.67807991532833,-7.86844539373648,4.65826025423677,-6.96086385344822
-0.325354708058296,-4.75497993224269,-1.4407102686511,-5.11929201662792,4.09067274495995,0.247333590709567
-0.433599205993402,-4.83284245647308,-0.902037035575225,1.03534393823296,5.07336049166143,14.1208758401224
-0.523802909550924,-4.77830806264978,-0.902037035575225,0.0553439382329648,6.39573605517499,12.0468761176884
-0.614006613108446,-4.82177366882649,-0.902037035575225,-0.924656061767035,7.43219229968413,8.46297801903738
-0.704210316665968,-4.96323927500319,-0.902037035575225,-1.90465606176704,8.05282471008127,3.81837035187186
-0.79441402022349,-5.20270488117989,-0.902037035575225,-2.88465606176703,8.17984616051909,-1.30481376426194
-0.884617723781012,-5.5401704873566,-0.902037035575225,-3.86465606176703,7.79733638421648,-6.26445870514607
-0.974821427338534,-5.9756360935333,-0.902037035575225,-4.84465606176703,6.95323734426102,-10.4389460719646
-1.05755567023537,-6.46347993843463,-0.425434575300876,-2.91322194099753,5.84567798210746,-7.41824307345445
-0.998803082857146,-6.18319001593,1.25049698503432,6.3861086687481,6.25450971890014,11.1760039756468
-0.873731574597517,-5.59344413358609,1.25071508259629,5.40745882343907,7.21482376162208,7.82437932695338
-0.748660066337887,-5.10169825124218,1.25071508259629,4.42745882343907,7.78655791436099,3.48934871513071
-0.623588558078257,-4.70795236889827,1.25071508259629,3.44745882343907,7.89805372578339,-1.28302033257124
-0.498517049818628,-4.41220648655437,1.25071508259629,2.46745882343907,7.53533683914362,-5.89458169050129
-0.373445541558998,-4.21446060421046,1.25071508259629,1.48745882343908,6.74386847051465,-9.76734410696177
-0.248374033299369,-4.11471472186655,1.25071508259629,0.507458823439075,5.6228475153654,-12.4159138892668
-0.12330252503974,-4.11296883952265,1.25071508259629,-0.472541176560925,4.31277742898388,-13.5083318494541
0.00458374095479947,-3.99713010179724,1.31047050829015,5.04061481685777,3.39990637246017,-0.0429630422746579
0.133874144696812,-3.28816007695186,1.28657601715491,7.19111168787114,3.9407841966846,6.841816880224
0.262531746412303,-2.61804890816474,1.28657601715491,6.21111168787114,4.62149960916806,6.62848048393462
0.391189348127794,-2.04593773937763,1.28657601715491,5.23111168787114,5.23867009272108,5.58436174856703
0.519846949843285,-1.57182657059052,1.28657601715491,4.25111168787114,5.71494242299976,3.84032556953899
1.15184730344209,-0.839203433563228,0,0,1.83528115176228,0
1.15184730344209,-0.888203433563228,0,-0.98,1.97811439768939,2.82644738268556
1.15184730344209,-1.03520343356323,0,-1.96,2.38871209312573,5.29864124169004
1.15184730344209,-1.28020343356323,0,-2.94,3.01561186827315,7.1067285116242
1.15184730344209,-1.62320343356323,0,-3.92,3.78024107547212,8.02409210053631
1.15184730344209,-2.06420343356323,0,-4.9,4.58676471259266,7.93575400253733
1.15184730344209,-2.60320343356323,0,-5.88,5.33409692814922,6.85278609630873
1.15184730344209,-3.24020343356323,0,-6.85999999999999,5.92857064299585,4.91092244828411
1.15184730344209,-3.97520343356322,0,-7.83999999999999,6.29567733824536,2.35354704784923
1.15184730344209,-4.80820343356322,0,-8.82,6.38940560001581,-0.498810788770881
1.15184730344209,-5.73920343356323,0,-9.8,6.19800797205196,-3.28865004438867
1.12584047148066,-6.62464700019728,-0.951778865623057,-5.42416994343671,6.03618567837125,5.14227616303164
0.965942306561402,-6.82037287792076,-1.83305595325776,-0.9750620451599,7.21058332524213,13.0476070228355
0.782636711235627,-6.96687908243675,-1.83305595325776,-1.9550620451599,8.29394879788583,8.39050764772329
0.599331115909851,-7.21138528695275,-1.83305595325776,-2.9350620451599,8.85348195981038,2.68178179710199
0.416025520584075,-7.55389149146873,-1.83305595325776,-3.9150620451599,8.81905357549405,-3.36306587801249
0.232719925258299,-7.99439769598472,-1.83305595325776,-4.8950620451599,8.19497873551452,-8.9864028096264
0.0455852939834864,-8.29314522159688,-1.93010645407995,1.6670798007537,7.53664571504172,1.46571054104995
-0.147701671083333,-7.78586521199307,-1.92963369925741,5.80008295334755,8.23410523617399,6.96636817082012
-0.340665041009074,-7.25485691665831,-1.92963369925741,4.82008295334755,8.65796223738301,1.42110145568278
-0.533628410934815,-6.82184862132356,-1.92963369925741,3.84008295334756,8.51236320801888,-4.30227938287729
-0.726591780860556,-6.4868403259888,-1.92963369925741,2.86008295334756,7.81555684059662,-9.48643290709784
-0.919555150786296,-6.24983203065405,-1.92963369925741,1.88008295334756,6.65487754385046,-13.4816018760227
-1.09072395159452,-5.9818740795533,-1.07959320823551,5.81173326098554,5.43643255154264,-5.87995116053632
-1.12742318982816,-5.07599127954411,-0.0939513400987037,9.95641020006531,5.5288539299692,2.91688031752018
-1.13681832383803,-4.12935025953758,-0.0939513400987037,8.9764102000653,5.72578877533266,0.980153420627624
-1.1462134578479,-3.28070923953105,-0.0939513400987037,7.9964102000653,5.72077231964537,-1.07942126216031
-1.15560859185777,-2.53006821952452,-0.0939513400987037,7.0164102000653,5.51443330169827,-3.00370639806665
-1.16500372586764,-1.87742719951799,-0.0939513400987037,6.0364102000653,5.13263327639887,-4.55152120514134
-1.17439885987751,-1.32278617951146,-0.0939513400987037,5.0564102000653,4.62322525000721,-5.52886990879117
-1.18379399388738,-0.866145159504931,-0.0939513400987037,4.0764102000653,4.05005601105158,-5.813256253043
-1.19318912789725,-0.5075041394984,-0.0939513400987037,3.0964102000653,3.48496387635097,-5.36903660089723
-1.20258426190712,-0.24686311949187,-0.0939513400987037,2.1164102000653,2.99877481674437,-4.25188733891396
-1.21197939591699,-0.0842220994853396,-0.0939513400987037,1.1364102000653,2.65242546546899,-2.60182666270716
-1.22137452992687,-0.0195810794788092,-0.0939513400987037,0.156410200065304,2.48932560925929,-0.625665359691281
-1.23076966393674,-0.0529400594722788,-0.0939513400987037,-0.823589799934696,2.52991741134633,1.42891387517516
-1.24016479794661,-0.184299039465748,-0.0939513400987037,-1.8035897999347,2.76911328757391,3.30439981489044
-1.24955993195648,-0.413658019459218,-0.0939513400987037,-2.7835897999347,3.17693356008787,4.76572793755159
-1.25895506596635,-0.741016999452688,-0.0939513400987037,-3.76358979993469,3.70226396812247,5.62974229982886
-1.26835019997622,-1.16637597944616,-0.0939513400987037,-4.74358979993469,4.27926208727237,5.78815143513545
-1.27774533398609,-1.68973495943963,-0.0939513400987037,-5.72358979993469,4.83560970701583,5.22110109297942
-1.28714046799596,-2.31109393943309,-0.0939513400987037,-6.70358979993469,5.30157685258849,3.99966267665279
-1.29653560200583,-3.03045291942656,-0.0939513400987037,-7.68358979993469,5.6187614096498,2.27692549026789
-1.3059307360157,-3.84781189942003,-0.0939513400987037,-8.66358979993469,5.74740896859365,0.268809250693796
-1.31532587002557,-4.7631708794135,-0.0939513400987037,-9.6435897999347,5.67139545389829,-1.77299826676118
-1.31973149520936,-5.75553144039431,0.276400850679394,-9.04673333445624,5.4433717727633,-0.358442747217315
-1.19300613970046,-6.25196981394207,1.99423545679431,-1.93509536465178,6.25072684849986,14.1601335799697
-0.991980582152113,-6.48603266446765,2.01076962506061,-2.82790872334161,7.52001836216415,10.7906573481585
-0.790903619646051,-6.81782353680182,2.01076962506061,-3.80790872334161,8.36303189273482,5.89126689041728
-0.58982665713999,-7.24761440913598,2.01076962506061,-4.78790872334161,8.67355456478635,0.253492952651442
-0.388749694633928,-7.77540528147014,2.01076962506061,-5.76790872334161,8.41266693782343,-5.41605259072592
-0.186194831518245,-8.35031690366475,2.08993255052506,-3.79965570707629,7.71470249509643,-4.524546051986
0.0309486082429898,-8.21732667497423,2.2016614858104,4.66166396592249,8.1576254565349,9.68481564517954
0.251105776027608,-7.79799202372463,2.20157035333768,3.70365395931148,8.85666536785051,4.1053322205024
0.471262811361376,-7.47662662779348,2.20157035333768,2.72365395931148,8.96140623221054,-2.03267371504097
0.691419846695144,-7.25326123186233,2.20157035333768,1.74365395931148,8.4586588333627,-7.91591395758769
0.911576882028912,-7.12789583593119,2.20157035333768,0.763653959311479,7.41143514833659,-12.8070110490717
1.10438787359934,-6.91333592317126,1.27072183214346,5.98359414265279,6.32762858381737,-3.65649395782733
1.1729159612999,-6.01257422832371,0.491566585158472,9.64738806440593,6.53373121053573,2.89101962496338
1.22207261981575,-5.09683542188312,0.491566585158472,8.66738806440593,6.66516095801522,-0.290229707810888
1.2712292783316,-4.27909661544253,0.491566585158472,7.68738806440592,6.47690294567716,-3.43510302403978
1.32038593684744,-3.55935780900193,0.491566585158472,6.70738806440592,5.99255254085011,-6.14943680221837
1.36954259536329,-2.93761900256134,0.491566585158472,5.72738806440593,5.27281592849795,-8.09302930671284
1.41869925387914,-2.41388019612075,0.491566585158472,4.74738806440593,4.40790148560826,-9.02227986147693
1.46785591239499,-1.98814138968016,0.491566585158472,3.76738806440593,3.50621349061571,-8.82072060464181
1.51701257091083,-1.66040258323956,0.491566585158472,2.78738806440593,2.68076524474661,-7.51361401851354
1.56552373371931,-1.43006499570499,0.390274627471097,1.90086814628933,2.03677503462327,-4.98922072705636
1.51297916876279,-1.20942578927506,-1.29963007467567,2.36733949761989,1.9187319120706,2.24931902828544
1.38257193084848,-1.02133732063757,-1.30414157550199,1.39093981894666,2.27766238727121,4.84216227020072
1.25215777329828,-0.931243338742904,-1.30414157550199,0.410939818946656,2.86683108017796,6.81656815580855
1.12174361574808,-0.939149356848238,-1.30414157550199,-0.569060181053344,3.61237668421459,7.93661768465568
0.991329458197884,-1.04505537495357,-1.30414157550199,-1.54906018105334,4.42085604565666,8.06192915543249
0.860915300647686,-1.24896139305891,-1.30414157550199,-2.52906018105334,5.19093819179737,7.17679662211292
0.730501143097487,-1.55086741116424,-1.30414157550199,-3.50906018105334,5.82610467497699,5.3921584028055
0.600086985547289,-1.95077342926958,-1.30414157550199,-4.48906018105334,6.24674673752166,2.93169259657226
0.469672827997091,-2.44867944737491,-1.30414157550199,-5.46906018105334,6.40014309625532,0.103782330245203
0.339258670446892,-3.04458546548024,-1.30414157550199,-6.44906018105334,6.26706777834812,-2.73713552161856
0.208844512896693,-3.73849148358558,-1.30414157550199,-7.42906018105334,5.86419981365585,-5.23499377532066
0.0784303553464945,-4.53039750169091,-1.30414157550199,-8.40906018105334,5.24203276414755,-7.07672271183447
-0.0517711757835025,-5.34533225485071,-1.28469490184395,-5.53090093310857,4.62818619180064,-0.341997994238962
-0.171925152254114,-5.41641693650781,-1.14802111735521,1.4641100663292,5.61188467491578,14.505228039124
-0.286727263989635,-5.31900592987489,-1.14802111735521,0.484110066329201,6.93814113674857,11.7393208495094
-0.401529375725157,-5.31959492324197,-1.14802111735521,-0.495889933670799,7.91049579648706,7.50206280384197
-0.516331487460678,-5.41818391660905,-1.14802111735521,-1.4758899336708,8.40707832795848,2.32453175007045
-0.631133599196199,-5.61477290997613,-1.14802111735521,-2.4558899336708,8.36564942941078,-3.14434509990415
-0.745935710931721,-5.90936190334321,-1.14802111735521,-3.4358899336708,7.79140160270701,-8.21912463244567
-0.860737822667242,-6.30195089671029,-1.14802111735521,-4.4158899336708,6.75630834975104,-12.2637580245155
-0.946770181051291,-6.58869729167005,-0.119608585030977,1.85013384691718,5.80018298122247,-0.238480564858952
-0.89204065776223,-5.99237401375047,0.768466011322148,6.99148243908596,6.58882845794229,9.59590543624379
-0.815194056630016,-5.34222576984188,0.768466011322148,6.01148243908596,7.37322859055618,5.92615098445027
-0.738347455497801,-4.79007752593328,0.768466011322148,5.03148243908596,7.74919512100268,1.51364084554794
-0.661500854365587,-4.33592928202468,0.768466011322148,4.05148243908596,7.66960618563679,-3.08858186547679
-0.584654253233372,-3.97978103811608,0.768466011322148,3.07148243908597,7.14443708453788,-7.3036963586833
-0.507807652101158,-3.72163279420749,0.768466011322148,2.09148243908597,6.23951002466981,-10.6034001540952
-0.430961050968943,-3.56148455029889,0.768466011322148,1.11148243908597,5.06824427630803,-12.5741240115223
-0.354114449836728,-3.4993363063903,0.768466011322148,0.131482439085966,3.77744073906858,-12.9688667396923
-0.263534812741883,-3.3794440238255,1.21352172033276,4.37125661416875,2.84021297435674,-1.3438011296412
-0.123694330404069,-2.73813682416287,1.44411208507652,6.57910995583953,3.28889547240339,6.45188398059233
0.020716878103583,-2.12922582857892,1.44411208507652,5.59910995583953,3.97228791082678,7.07138755566519
0.165128086611235,-1.61831483299496,1.44411208507652,4.61910995583953,4.67350453871947,6.8045969177124
1.18460670999424,-0.746400408681163,0,0,1.79793631386545,0
1.18460670999424,-0.795400408681163,0,-0.98,1.94310987231654,2.8727585210003
1.18460670999424,-0.942400408681163,0,-1.96,2.36043518164075,5.38545909965807
1.18460670999424,-1.18740040868116,0,-2.94,2.99760666478959,7.22317175025772
1.18460670999424,-1.53040040868116,0,-3.92,3.77476426688847,8.15556627599578
1.18460670999424,-1.97140040868116,0,-4.9,4.59450273614832,8.06578076457599
1.18460670999424,-2.51040040868116,0,-5.88,5.3540799366332,6.96506850662055
1.18460670999424,-3.14740040868116,0,-6.85999999999999,5.95829406080124,4.99138756153853
1.18460670999424,-3.88240040868116,0,-7.83999999999999,6.33141577300953,2.39210974798329
1.18460670999424,-4.71540040868116,0,-8.82,6.42667976564886,-0.506983767887058
1.18460670999424,-5.64640040868116,0,-9.8,6.23214610123301,-3.34253434027454
1.16488037872877,-6.57026170420722,-0.830315838804762,-6.27648800756501,5.98553116160058,3.35392599945678
1.00538923618453,-6.79709528861347,-1.92286034722823,-0.765351727276486,7.09777640089941,13.5579704514648
0.813103201461703,-6.92263046134112,-1.92286034722823,-1.74535172727649,8.23817692842339,9.00877908664887
0.620817166738879,-7.14616563406877,-1.92286034722823,-2.72535172727649,8.86173532710701,3.3304700334477
0.428531132016055,-7.46770080679642,-1.92286034722823,-3.70535172727648,8.89029774159404,-2.76526435439951
0.236245097293232,-7.88723597952407,-1.92286034722823,-4.68535172727648,8.32028429418343,-8.51441360941677
0.0421000654869802,-8.2695388569753,-1.98346838854558,-0.178431644769911,7.4927665699845,-2.28293059245899
-0.155767667036689,-7.82568161489426,-1.96616061306024,6.21042511570166,8.06618252367483,7.92642512753092
-0.352383728342713,-7.25363910332409,-1.96616061306024,5.23042511570167,8.59455454991487,2.52923399543571
-0.548999789648737,-6.77959659175393,-1.96616061306024,4.25042511570167,8.56141776471024,-3.18495934244461
-0.745615850954761,-6.40355408018376,-1.96616061306024,3.27042511570167,7.97092537572512,-8.49996496615327
-0.942231912260785,-6.12551156861359,-1.96616061306024,2.29042511570167,6.8970869013354,-12.7496252525412
-1.13403492621965,-5.9192667305117,-1.62228750876195,3.15674646379073,5.52771481335585,-11.6522206850035
-1.2002218977203,-5.18067235405614,0.0639140539900504,10.2938318194529,5.25110897940234,3.48988389502091
-1.19320533484395,-4.19759929538452,0.0702710568900199,9.34118346692106,5.52695877297949,1.91443408234251
-1.18617822915494,-3.31248094869242,0.0702710568900199,8.36118346692105,5.62587067248359,0.0428782905710103
-1.17915112346594,-2.52536260200031,0.0702710568900199,7.38118346692105,5.53535453255246,-1.83405166296918
-1.17212401777694,-1.83624425530821,0.0702710568900199,6.40118346692105,5.26675521731346,-3.48111027052167
-1.16509691208794,-1.2451259086161,0.0702710568900199,5.42118346692105,4.85373769235693,-4.6918630097422
-1.15806980639894,-0.752007561923995,0.0702710568900199,4.44118346692105,4.34806761744564,-5.31455986867203
-1.15104270070994,-0.35688921523189,0.0702710568900199,3.46118346692105,3.81312328397878,-5.27115497326661
-1.14401559502094,-0.0597708685397841,0.0702710568900199,2.48118346692106,3.31595208022504,-4.56708848747749
-1.13698848933193,0.139347478152322,0.0702710568900199,1.50118346692106,2.91886708933706,-3.29060476887834
-1.12996138364293,0.240465824844427,0.0702710568900199,0.521183466921056,2.67163706274174,-1.60169223896624
-1.12293427795393,0.243584171536533,0.0702710568900199,-0.458816533078944,2.60524864063056,0.287968807574156
-1.11590717226493,0.148702518228639,0.0702710568900199,-1.43881653307894,2.72802263328952,2.14153720810711
-1.10888006657593,-0.0441791350792558,0.0702710568900199,-2.41881653307894,3.02457113016338,3.72669548124663
-1.10185296088693,-0.33506078838715,0.0702710568900199,-3.39881653307894,3.45772614765448,4.84476739929208
-1.09482585519793,-0.723942441695044,0.0702710568900199,-4.37881653307894,3.97319808809537,5.3556191252986
-1.08779874950892,-1.21082409500294,0.0702710568900199,-5.35881653307894,4.50638014070068,5.19522292427835
-1.08077164381992,-1.79570574831083,0.0702710568900199,-6.33881653307894,4.99044579313563,4.38368209614091
-1.07374453813092,-2.47858740161873,0.0702710568900199,-7.31881653307894,5.36472454995718,3.02271132333004
-1.06671743244192,-3.25946905492662,0.0702710568900199,-8.29881653307894,5.58230608506482,1.28288823443463
-1.05969032675292,-4.13835070823451,0.0702710568900199,-9.27881653307894,5.61591975971958,-0.61772598760747
-1.05266322106392,-5.11523236154241,0.0702710568900199,-10.2588165330789,5.46135259519971,-2.44091736103835
-1.01427909698627,-6.01916757499472,1.09028857108234,-5.5383429207064,5.4840182855561,7.53053327768035
-0.854257635209841,-6.30674750607121,1.75322756707688,-2.3920640298272,6.76534501849224,13.3987446171762
-0.678934878502153,-6.59495390905393,1.75322756707688,-3.3720640298272,7.91098967074781,9.27177797826494
-0.503612121794464,-6.98116031203665,1.75322756707688,-4.3520640298272,8.58080029487442,3.982730615939
-0.328289365086776,-7.46536671501936,1.75322756707688,-5.33206402982719,8.69082600071465,-1.80549333213113
-0.152966608379087,-8.04757311800208,1.75322756707688,-6.31206402982719,8.22727668759281,-7.36742530005472
0.024046428969396,-8.48279567505924,1.78372556733164,0.303959873961917,7.73570535572338,3.04500501435645
0.199697408651447,-8.11976492720463,1.74452513451492,4.32235187479562,8.55964224477626,7.97828480463115
0.374149922102939,-7.73652973972507,1.74452513451492,3.34235187479562,9.06216749672732,1.96590692806671
0.54860243555443,-7.45129455224551,1.74452513451492,2.36235187479562,8.94457554596397,-4.29286840861463
0.723054949005922,-7.26405936476595,1.74452513451492,1.38235187479562,8.22160481046316,-10.013595957877
0.897245631546984,-7.17269323322453,1.69992636293409,0.763153247379426,6.98816210274871,-13.7524123038231
1.00765887727148,-6.70304633476966,0.394278614506437,9.21938377113219,6.3462963289537,2.25287551960327
1.03032578211609,-5.72065914198268,0.20551965211266,9.47047809815253,6.64468755577919,1.71046113246134
1.05087774732736,-4.82261133216743,0.20551965211266,8.49047809815253,6.65358463586645,-1.53440178012575
1.07142971253862,-4.02256352235218,0.20551965211266,7.51047809815253,6.34424487750749,-4.58695004332748
1.09198167774989,-3.32051571253692,0.20551965211266,6.53047809815253,5.75543946041199,-7.06459172036583
1.11253364296116,-2.71646790272167,0.20551965211266,5.55047809815253,4.96096646588741,-8.65679094215292
1.13308560817242,-2.21042009290642,0.20551965211266,4.57047809815253,4.06040137497239,-9.1639890018481
1.15363757338369,-1.80237228309117,0.20551965211266,3.59047809815253,3.16661674941706,-8.522616097692
1.17418953859495,-1.49232447327591,0.20551965211266,2.61047809815253,2.39163531956699,-6.81305887077302
1.19474150380622,-1.28027666346066,0.20551965211266,1.63047809815253,1.83258958608905,-4.24958512429193
1.2012656903633,-1.15228267910913,-0.287284775046951,1.13540342395444,1.59896241504167,0.219536437598175
1.15953783672836,-1.0753636307759,-0.433898118051105,0.294956333056788,1.81339297858511,3.70996640663003
1.11614802492325,-1.09486799747022,-0.433898118051105,-0.685043666943212,2.32081184812204,6.33106239240463
1.07275821311814,-1.21237236416454,-0.433898118051105,-1.66504366694321,3.05304309237749,8.15865301353609
1.02936840131303,-1.42787673085886,-0.433898118051105,-2.64504366694321,3.91831231639777,8.96367672044084
0.985978589507923,-1.74138109755318,-0.433898118051105,-3.62504366694321,4.8081707751623,8.64523565579209
0.942588777702813,-2.1528854642475,-0.433898118051105,-4.60504366694321,5.61108782546913,7.24324171391818
0.899198965897703,-2.66238983094182,-0.433898118051105,-5.58504366694321,6.22642964833789,4.93341417306257
0.855809154092593,-3.26989419763614,-0.433898118051105,-6.56504366694321,6.57707221509233,2.00525587357963
0.812419342287482,-3.97539856433046,-0.433898118051105,-7.5450436669432,6.61906764771187,-1.1742316964543
0.769029530482372,-4.77890293102478,-0.433898118051105,-8.52504366694321,6.34715243764479,-4.2065466289594
0.725639718677262,-5.68040729771911,-0.433898118051105,-9.50504366694321,5.79540714902748,-6.71163293696193
0.644268592794774,-6.34827643493122,-1.42471500330725,-1.54842371312156,5.69629180563585,9.3913249793361
0.47586031354269,-6.28625806423463,-1.73740425027953,0.691108044024266,7.04272079650402,13.0275882088345
0.302119888514737,-6.26614725983221,-1.73740425027953,-0.288891955975734,8.134645929858,8.57990881002479
0.128379463486784,-6.34403645542978,-1.73740425027953,-1.26889195597573,8.72270501921999,3.05686429137802
-0.0453609615411684,-6.51992565102735,-1.73740425027953,-2.24889195597573,8.73319352446891,-2.84931311451481
-0.219101386569121,-6.79381484662493,-1.73740425027953,-3.22889195597573,8.16479686606073,-8.39837111420267
-0.392837669063058,-7.16562775101657,-1.73517804471439,-4.16799128591381,7.08890799536077,-12.8128970391752
-0.537872421607443,-7.18385411005005,-1.01935019239084,5.59818955408414,6.53808305631767,5.52180855525774
-0.622529039902832,-6.45044047643941,-0.815935521874423,7.23028963908249,7.36623039177807,7.16786063347119
-0.704122592090274,-5.77641151253116,-0.815935521874423,6.25028963908249,7.86420161276451,2.68621392211022
-0.785716144277716,-5.20038254862291,-0.815935521874423,5.2702896390825,7.89220299914191,-2.13211011530692
-0.867309696465158,-4.72235358471466,-0.815935521874423,4.2902896390825,7.44672498981446,-6.68320557244617
-0.948903248652601,-4.34232462080641,-0.815935521874423,3.3102896390825,6.58360168786464,-10.3966597071386
-1.03049680084004,-4.06029565689816,-0.815935521874423,2.3302896390825,5.41101287861202,-12.807045771957
-1.11209035302749,-3.87626669298991,-0.815935521874423,1.3502896390825,4.0759252878567,-13.6122573976098
-1.12014324708228,-3.54596038552889,1.13308994487391,6.75912022263626,3.25249935192398,0.479758892184627
-0.959052869425685,-2.76961451126321,1.69397866405422,7.53135786882428,3.66227046997208,5.02784044932199
-0.789655003020263,-2.06547872438078,1.69397866405422,6.55135786882428,4.18284736012097,5.27356507579505
-0.620257136614841,-1.45934293749835,1.69397866405422,5.57135786882428,4.69485791596627,4.85832604104895
-0.450859270209419,-0.951207150615923,1.69397866405422,4.59135786882428,5.13412916026993,3.83416743836411
1.22935608551235,-0.711512771217884,0,0,1.81071239957954,0
1.22935608551235,-0.760512771217884,0,-0.98,1.95508531100449,2.85691496387305
1.22935608551235,-0.907512771217884,0,-1.96,2.37010902855528,5.3557577417896
1.22935608551235,-1.15251277121788,0,-2.94,3.00376644579175,7.18333521912272
1.22935608551235,-1.49551277121788,0,-3.92,3.77663794421163,8.11058749366714
1.22935608551235,-1.93651277121788,0,-4.9,4.59185547195406,8.02129715852791
1.22935608551235,-2.47551277121788,0,-5.88,5.34724352647333,6.92665544127824
1.22935608551235,-3.11251277121788,0,-6.85999999999999,5.94812534793531,4.96385954851641
1.22935608551235,-3.84751277121788,0,-7.83999999999999,6.31918925573032,2.37891701800972
1.22935608551235,-4.68051277121788,0,-8.82,6.41392785770472,-0.504187700542585
1.22935608551235,-5.61151277121788,0,-9.8,6.22046706634897,-3.3240999214458
1.20971661234174,-6.54010986202521,-0.84175256439682,-6.40155216836798,5.96709963011114,3.14684341752495
1.04510337518832,-6.77539748786028,-1.99838959246065,-0.788377779046735,7.06952479644927,13.606766659248
0.845264415942258,-6.90323526576496,-1.99838959246065,-1.76837777904674,8.21647304211937,9.08955201872266
0.645425456696193,-7.12907304366963,-1.99838959246065,-2.74837777904673,8.84929942122853,3.43309599319601
0.445586497450129,-7.45291082157431,-1.99838959246065,-3.72837777904673,8.88868847366429,-2.65364801854492
0.245747538204064,-7.87474859947898,-1.99838959246065,-4.70837777904673,8.32970336222193,-8.40779636017309
0.0441234786145807,-8.26800765188945,-2.05834096618314,-0.409768339944852,7.49482129702009,-2.60592258224571
-0.161174957392444,-7.83760386016277,-2.0388780664715,6.19765357570241,8.05572730201496,8.05198342225902
-0.365062764039594,-7.26683850259252,-2.0388780664715,5.21765357570241,8.59704696789736,2.6598893150132
-0.568950570686744,-6.79407314502228,-2.0388780664715,4.23765357570241,8.57654543447223,-3.06558271674705
-0.772838377333894,-6.41930778745204,-2.0388780664715,3.25765357570241,7.99679226681266,-8.40682913501016
-0.976726183981044,-6.1425424298818,-2.0388780664715,2.27765357570241,6.93045098017303,-12.6944034197637
-1.17589355811812,-5.93892739353562,-1.69591944128491,3.07848862218681,5.5617054195732,-11.7704101884887
-1.24602388146676,-5.20733853518843,0.0646147738176566,10.2934854222918,5.27442093733999,3.52038669881377
-1.23864401038641,-4.22316589924514,0.0739782490696701,9.35247267153764,5.55409190256881,1.93671476393759
-1.23124618547944,-3.33691863209137,0.0739782490696701,8.37247267153764,5.65348476128695,0.030115042423548
-1.22384836057248,-2.54867136493761,0.0739782490696701,7.39247267153764,5.5599885615105,-1.88025915580615
-1.21645053566551,-1.85842409778385,0.0739782490696701,6.41247267153764,5.28532167394933,-3.55497057981988
-1.20905271075854,-1.26617683063008,0.0739782490696701,5.43247267153764,4.86390954496113,-4.78411883427329
-1.20165488585157,-0.771929563476317,0.0739782490696701,4.45247267153764,4.3485699742056,-5.41364830048374
-1.19425706094461,-0.375682296322553,0.0739782490696701,3.47247267153764,3.80389318187841,-5.36465673778216
-1.18685923603764,-0.0774350291687886,0.0739782490696701,2.49247267153765,3.29814637653084,-4.64328451653031
-1.17946141113067,0.122812237984976,0.0739782490696701,1.51247267153765,2.89471746658933,-3.33994501319281
-1.1720635862237,0.225059505138741,0.0739782490696701,0.532472671537645,2.64417032023834,-1.61799262608721
-1.16466576131674,0.229306772292505,0.0739782490696701,-0.447527328462355,2.57790732974349,0.306751290939181
-1.15726793640977,0.13555403944627,0.0739782490696701,-1.42752732846235,2.70423358438618,2.19304845448147
-1.1498701115028,-0.0561986933999657,0.0739782490696701,-2.40752732846235,3.00731594992425,3.80447931506219
-1.14247228659584,-0.345951426246201,0.0739782490696701,-3.38752732846235,3.44916751861811,4.93907476334671
-1.13507446168887,-0.733704159092436,0.0739782490696701,-4.36752732846235,3.97440870827557,5.45462998139597
-1.1276766367819,-1.21945689193867,0.0739782490696701,-5.34752732846235,4.51720827669971,5.28652772081419
-1.12027881187493,-1.80320962478491,0.0739782490696701,-6.32752732846235,5.00953429768938,4.45583712250633
-1.11288098696797,-2.48496235763114,0.0739782490696701,-7.30752732846235,5.38968096034334,3.06667301038064
-1.105483162061,-3.26471509047738,0.0739782490696701,-8.28752732846235,5.61000248304538,1.29314663259988
-1.09808533715403,-4.14246782332361,0.0739782490696701,-9.26752732846235,5.64288480999311,-0.642456617350429
-1.09068751224706,-5.11822055616985,0.0739782490696701,-10.2475273284624,5.48420662612145,-2.49753739872728
-1.05168186393835,-6.02541893487902,1.11647820223062,-5.59757926124005,5.49142794925424,7.32180592512106
-0.886070615853485,-6.3119492110879,1.82124796506925,-2.339898287949,6.76642859056518,13.4209770873493
-0.70394581934656,-6.5949390398828,1.82124796506925,-3.319898287949,7.91418194608977,9.29127346013426
-0.521821022839635,-6.9759288686777,1.82124796506925,-4.299898287949,8.58570116881856,3.99704563817384
-0.33969622633271,-7.4549186974726,1.82124796506925,-5.279898287949,8.69682122094041,-1.79815294659513
-0.157571429825786,-8.0319085262675,1.82124796506925,-6.25989828794899,8.23361484160158,-7.36797956036289
0.0261530518084903,-8.47286863013968,1.84998377552328,0.173799123429385,7.71988204481772,2.68077746810796
0.208142304071402,-8.11061269890445,1.80620625010012,4.39395641525731,8.53339757892318,8.04992858869292
0.388762929081415,-7.72021705737872,1.80620625010012,3.41395641525731,9.04458160734936,2.06560683887171
0.569383554091427,-7.42782141585299,1.80620625010012,2.43395641525731,8.93785256511621,-4.17760828552325
0.750004179101439,-7.23342577432726,1.80620625010012,1.45395641525731,8.2265873647125,-9.89722178024198
0.930476766047978,-7.135877699508,1.77567081418792,0.710452562389467,7.00225610040035,-13.8995542337842
1.04868770321917,-6.69208552477821,0.433542050423346,9.01041316528481,6.30488627051591,1.8205001319211
1.07125887902849,-5.71006991791424,0.196446663364729,9.51099713013105,6.60472355525046,1.84254436887992
1.09090354536496,-4.80797020490113,0.196446663364729,8.53099713013104,6.62905632651819,-1.36103673903168
1.11054821170143,-4.00387049188803,0.196446663364729,7.55099713013104,6.33822652142252,-4.39403195043221
1.13019287803791,-3.29777077887493,0.196446663364729,6.57099713013104,5.76868536982676,-6.87630001541495
1.14983754437438,-2.68967106586182,0.196446663364729,5.59099713013104,4.99181646127286,-8.49672521534622
1.16948221071085,-2.17957135284872,0.196446663364729,4.61099713013104,4.10498886406948,-9.05221113301511
1.18912687704733,-1.76747163983561,0.196446663364729,3.63099713013105,3.21935334759125,-8.47313579532443
1.2087715433838,-1.45337192682251,0.196446663364729,2.65099713013105,2.44591127146137,-6.83207776153845
1.22841620972027,-1.2372722138094,0.196446663364729,1.67099713013105,1.8816022010447,-4.33471947052977
1.24350114709201,-1.11498561764411,-0.0519527340461294,0.91739114223312,1.60951374325344,-0.623936337337429
1.21835909918767,-1.05455813385062,-0.295071024008303,0.152761207378901,1.75793052291404,3.14310929265833
1.18885199678684,-1.08828201311273,-0.295071024008303,-0.827238792621099,2.21332852384433,5.86850757236038
1.15934489438601,-1.22000589237484,-0.295071024008303,-1.8072387926211,2.9070103501183,7.85837491704546
1.12983779198518,-1.44972977163695,-0.295071024008303,-2.7872387926211,3.75203320819042,8.86331078144219
1.10033068958435,-1.77745365089906,-0.295071024008303,-3.7672387926211,4.64248593662352,8.75736126555808
1.07082358718352,-2.20317753016116,-0.295071024008303,-4.7472387926211,5.4667634092707,7.55380557975315
1.04131648478269,-2.72690140942327,-0.295071024008303,-5.72723879262109,6.12155459301782,5.40349169142691
1.01180938238186,-3.34862528868538,-0.295071024008303,-6.70723879262109,6.52479106320123,2.57592975547863
0.982302279981029,-4.06834916794749,-0.295071024008303,-7.68723879262109,6.6259330711267,-0.574487011609202
0.952795177580199,-4.8860730472096,-0.295071024008303,-8.6672387926211,6.4123039567216,-3.65290029846391
0.923288075179369,-5.80179692647171,-0.295071024008303,-9.6472387926211,5.9106789810428,-6.27347636878437
0.844292707888952,-6.47433296686309,-1.55879830559544,-1.66336585777558,5.86881162373139,9.76934293428341
0.657009842604691,-6.44079219038291,-1.93570431652645,0.354586414251513,7.20932994350077,12.7578347918137
0.463439410952046,-6.45433354895776,-1.93570431652645,-0.625413585748487,8.26440461818751,8.12044906812372
0.269868979299401,-6.56587490753261,-1.93570431652645,-1.60541358574849,8.79934990966142,2.46528473178669
0.076298547646756,-6.77541626610746,-1.93570431652645,-2.58541358574849,8.74711830959109,-3.49886671260939
-0.117271884005889,-7.08295762468231,-1.93570431652645,-3.56541358574848,8.11425627926851,-9.02448678030575
-0.310373850130339,-7.47616539787173,-1.8873751553644,-3.31111103223574,7.00475482314414,-10.9508530025426
-0.469369658142976,-7.25576520393906,-1.2803095938316,7.25558146956484,6.94202828101052,8.7830552729749
-0.593955576905441,-6.52720097053366,-1.24338286290315,6.8325432895049,7.72703242595808,5.78138319049388
-0.718293863195756,-5.89294664158317,-1.24338286290315,5.8525432895049,8.0666538199045,0.939195018963896
-0.842632149486071,-5.35669231263268,-1.24338286290315,4.8725432895049,7.91093097879188,-4.02070740642081
-0.966970435776386,-4.91843798368219,-1.24338286290315,3.89254328950491,7.27938146573457,-8.47667341495626
-1.0913087220667,-4.5781836547317,-1.24338286290315,2.91254328950491,6.25116070451694,-11.8702133388557
-1.21564700835702,-4.33592932578121,-1.24338286290315,1.93254328950491,4.95514101379418,-13.7759969621678
-1.31419136323852,-4.10768682151688,-0.102908168227813,4.61857898244092,3.72899933382143,-6.31320384142442
-1.20953279261853,-3.345606683293,1.5098872038253,8.51054875227894,3.86095562211928,4.47153686172754
-1.058544072236,-2.54355180806511,1.5098872038253,7.53054875227894,4.31461802878599,4.50573529733052
-0.907555351853471,-1.83949693283721,1.5098872038253,6.55054875227894,4.74319858984963,3.97520621828374
-0.756566631470941,-1.23344205760932,1.5098872038253,5.57054875227894,5.0929810483391,2.94644362579173
-0.605577911088411,-0.725387182381423,1.5098872038253,4.59054875227894,5.32012532812659,1.54838774907563
1.19137500415536,-0.768305662891897,0,0,1.8172653966715,0
1.19137500415536,-0.817305662891897,0,-0.98,1.96122764729223,2.84878862642474
1.19137500415536,-0.964305662891897,0,-1.96,2.37507085271001,5.34052358352745
1.19137500415536,-1.2093056628919,0,-2.94,3.00692586628231,7.16290261726615
1.19137500415536,-1.5523056628919,0,-3.92,3.77759897424263,8.08751737372622
1.19137500415536,-1.9933056628919,0,-4.9,4.59049766057467,7.9984810200332
1.19137500415536,-2.5323056628919,0,-5.88,5.34373705532875,6.90695295092912
1.19137500415536,-3.16930566289189,0,-6.85999999999999,5.94290970150567,4.94974012310567
1.19137500415536,-3.90430566289189,0,-7.83999999999999,6.31291813842817,2.3721503194225
1.19137500415536,-4.73730566289189,0,-8.82,6.40738726166107,-0.502753566365085
1.19137500415536,-5.66830566289189,0,-9.8,6.21447675888355,-3.31464470208675
1.16930410894752,-6.58023311199264,-0.885282348797976,-5.99825542116764,5.99589059091122,3.96164430741025
1.0071245018864,-6.79727926754168,-1.92031294773342,-0.855162459695342,7.13075733023199,13.3828517656656
0.815093207113056,-6.93179551351121,-1.92031294773342,-1.83516245969534,8.25194651311471,8.80373519593655
0.623061912339714,-7.16431175948075,-1.92031294773342,-2.81516245969534,8.85456775265038,3.12120016761646
0.431030617566373,-7.49482800545028,-1.92031294773342,-3.79516245969534,8.86309135781314,-2.95253130185651
0.238999322793031,-7.92334425141981,-1.92031294773342,-4.77516245969534,8.2764490203222,-8.65620648654984
0.04448375886432,-8.28209527035154,-1.99419942697253,0.449468563477105,7.50246958561351,-0.947293486987809
-0.15479175639863,-7.8142353505416,-1.98440400044475,6.04248717493645,8.12903825808541,7.60210115497049
-0.353232156443105,-7.25898663304796,-1.98440400044475,5.06248717493645,8.62171922775964,2.14728757017405
-0.55167255648758,-6.80173791555432,-1.98440400044475,4.08248717493645,8.54948669397166,-3.5766568650717
-0.750112956532055,-6.44248919806067,-1.98440400044475,3.10248717493645,7.92139394028148,-8.85232007446595
-0.94855335657653,-6.18124048056702,-1.98440400044475,2.12248717493645,6.8161631366329,-13.0184754266712
-1.13706807615063,-5.96299758318459,-1.44383816570611,4.08442650763994,5.48387338121358,-9.58993085713692
-1.18998469654504,-5.14928266270166,0.00144172127228355,10.1750698832746,5.37514149035941,3.32724170877059
-1.18984052441781,-4.1807756743742,0.00144172127228355,9.19506988327462,5.62188442097844,1.55541642867351
-1.18969635229059,-3.31026868604674,0.00144172127228355,8.21506988327461,5.67969893003723,-0.411357377236876
-1.18955218016336,-2.53776169771928,0.00144172127228355,7.23506988327462,5.54133882089002,-2.32657359841469
-1.18940800803613,-1.86325470939182,0.00144172127228355,6.25506988327462,5.22414549408782,-3.95018810771265
-1.1892638359089,-1.28674772106435,0.00144172127228355,5.27506988327462,4.76787445839907,-5.07870475498791
-1.18911966378167,-0.808240732736893,0.00144172127228355,4.29506988327462,4.22971256369281,-5.5706806104242
-1.18897549165445,-0.427733744409431,0.00144172127228355,3.31506988327462,3.67711047211972,-5.36445375121828
-1.18883131952722,-0.145226756081969,0.00144172127228355,2.33506988327462,3.17932871168945,-4.48587167483808
-1.18868714739999,0.0392802322454933,0.00144172127228355,1.35506988327462,2.79875688983619,-3.04505169615065
-1.18854297527276,0.125787220572956,0.00144172127228355,0.375069883274622,2.58309407561499,-1.22257936489652
-1.18839880314554,0.114294208900418,0.00144172127228355,-0.604930116725378,2.55937042438024,0.753125271532082
-1.18825463101831,0.00480119722788004,0.00144172127228355,-1.58493011672538,2.73055934617639,2.63443675460424
-1.18811045889108,-0.202691814444658,0.00144172127228355,-2.56493011672538,3.0752048326116,4.1855604164129
-1.18796628676385,-0.508184826117195,0.00144172127228355,-3.54493011672538,3.55011065129489,5.2120857661857
-1.18782211463662,-0.911677837789733,0.00144172127228355,-4.52493011672537,4.09575435694495,5.58535298011695
-1.1876779425094,-1.41317084946227,0.00144172127228355,-5.50493011672537,4.64374755267524,5.25857851410561
-1.18753377038217,-2.01266386113481,0.00144172127228355,-6.48493011672537,5.12540736764491,4.27271873151958
-1.18738959825494,-2.71015687280734,0.00144172127228355,-7.46493011672537,5.48036484268052,2.75133662665546
-1.18724542612771,-3.50564988447988,0.00144172127228355,-8.44493011672537,5.66413128959936,0.88511502445597
-1.18710125400049,-4.39914289615242,0.00144172127228355,-9.42493011672538,5.65367429260502,-1.09204270134154
-1.18694359658693,-5.39057495602247,0.00861799820999084,-10.3724567782567,5.45042933366755,-2.86581724765688
-1.11870872276046,-6.14500155666097,1.57182488163548,-3.43505549076006,5.75803024183517,11.5555765230379
-0.933585497200063,-6.3799257308179,1.89767381647287,-2.57297487633857,7.10131219825829,12.3603013794771
-0.743818115552776,-6.68622321845176,1.89767381647287,-3.55297487633857,8.12423668595498,7.88178037439154
-0.554050733905488,-7.09052070608561,1.89767381647287,-4.53297487633857,8.64459977497134,2.41539435995844
-0.364283352258201,-7.59281819371947,1.89767381647287,-5.51297487633857,8.59718162114194,-3.35372573970411
-0.174488908640419,-8.19194493455975,1.90318403693265,-6.24801378841405,7.99026719625774,-8.21256709957691
0.0211885623445423,-8.40447319065264,1.98608068756536,3.06389632483816,7.85801785502846,7.73268808338209
0.218859177032244,-7.97782919822419,1.97472455812499,4.04446380979338,8.71349333092497,6.34120408108679
0.416331632844742,-7.62238281724485,1.97472455812499,3.06446380979338,9.0461032642408,0.240628247431451
0.613804088657241,-7.36493643626551,1.97472455812499,2.08446380979338,8.76060940963401,-5.89010679062922
0.811276544469739,-7.20549005528617,1.97472455812499,1.10446380979338,7.89279421421435,-11.2826037499527
1.00388736471599,-7.10794126492302,1.6605141914927,2.42137012261091,6.62418311686268,-10.6350985920238
1.09407603789129,-6.40896794845623,0.343037452695439,10.0499213967067,6.43744684846427,3.89109945432904
1.12792368722819,-5.45031357903754,0.338387202532941,9.09706380307516,6.67811346272049,0.818332542355926
1.16176240748148,-4.58960719873003,0.338387202532941,8.11706380307516,6.59757445179418,-2.41207407738975
1.19560112773478,-3.82690081842251,0.338387202532941,7.13706380307516,6.20581865352484,-5.34016276029563
1.22943984798807,-3.162194438115,0.338387202532941,6.15706380307516,5.55194688359051,-7.59894074370694
1.26327856824136,-2.59548805780748,0.338387202532941,5.17706380307516,4.71791233168843,-8.90530349695178
1.29711728849466,-2.12678167749997,0.338387202532941,4.19706380307516,3.80824893702172,-9.09551770190576
1.33095600874795,-1.75607529719245,0.338387202532941,3.21706380307516,2.93696959962601,-8.14574281133976
1.36479472900125,-1.48336891688493,0.338387202532941,2.23706380307516,2.21327634365535,-6.17501911015497
1.38710175363118,-1.29745960456281,-0.244183173646515,1.81633388050203,1.75996364814609,-1.82097745619058
1.30584579899991,-1.11288309761429,-0.987717041615879,1.51363600961058,1.88112319631073,3.14755376371578
1.20707409483833,-1.01051949665324,-0.987717041615879,0.533636009610578,2.32923612781287,5.71990292845834
1.10830239067674,-1.00615589569218,-0.987717041615879,-0.446363990389422,3.00110557472952,7.57534656018648
1.00953068651515,-1.09979229473112,-0.987717041615879,-1.42636399038942,3.81252260380131,8.48133214492831
0.91075898235356,-1.29142869377006,-0.987717041615879,-2.40636399038942,4.66178804897839,8.32430774193275
0.811987278191972,-1.581065092809,-0.987717041615879,-3.38636399038942,5.44245900305807,7.12395404592359
0.713215574030385,-1.96870149184795,-0.987717041615879,-4.36636399038942,6.05668986736211,5.03071770206929
0.614443869868797,-2.45433789088689,-0.987717041615879,-5.34636399038942,6.42749585549698,2.30695503626947
0.515672165707209,-3.03797428992583,-0.987717041615879,-6.32636399038942,6.50840190173737,-0.705950443728469
0.416900461545622,-3.71961068896477,-0.987717041615879,-7.30636399038941,6.2892676255731,-3.63037543976768
0.318128757384034,-4.49924708800371,-0.987717041615879,-8.28636399038941,5.79755827895312,-6.09978637834378
0.219261134220223,-5.37464808919872,-1.00472345552968,-8.86359942902256,5.09937654807755,-6.99866375855524
0.102572209408723,-5.79850205030127,-1.30933744106731,0.860758770844958,5.36666094271175,13.2368526774245
-0.0298367066567466,-5.66759352418351,-1.32548508053254,0.914811729937885,6.76850211084927,12.815431300535
-0.162385214710001,-5.62511235118972,-1.32548508053254,-0.0651882700621147,7.85684124753258,8.72110443162607
-0.294933722763255,-5.68063117819594,-1.32548508053254,-1.04518827006211,8.4761330629069,3.53371565262173
-0.42748223081651,-5.83415000520215,-1.32548508053254,-2.02518827006211,8.54875845495027,-2.0965723039982
-0.560030738869764,-6.08566883220836,-1.32548508053254,-3.00518827006211,8.0656149011224,-7.46408582122899
-0.692579246923018,-6.43518765921457,-1.32548508053254,-3.98518827006211,7.08725732539854,-11.8960861853181
-0.811333226014636,-6.76401632048934,-0.70461264454165,0.323161678697715,5.97465042068339,-4.23704820493307
-0.81283978890253,-6.21857577240582,0.299194449037089,7.48525814650756,6.56185548901464,9.59628562895842
-0.782920343998821,-5.51904995775506,0.299194449037089,6.50525814650756,7.3479831754048,5.95995638919671
-0.753000899095112,-4.91752414310431,0.299194449037089,5.52525814650756,7.72884140035351,1.57663445305999
-0.723081454191403,-4.41399832845355,0.299194449037089,4.54525814650756,7.65669519840291,-3.0042953755104
-0.693162009287694,-4.00847251380279,0.299194449037089,3.56525814650756,7.14058703268879,-7.20868105557808
-0.663242564383986,-3.70094669915204,0.299194449037089,2.58525814650756,6.24520345546319,-10.5095648057738
-0.633323119480277,-3.49142088450128,0.299194449037089,1.60525814650756,5.08276760210278,-12.4932294959651
-0.603403674576568,-3.37989506985052,0.299194449037089,0.625258146507562,3.79897367501888,-12.9110519922126
-0.555201578316136,-3.26122232423775,1.00801233468307,3.74641299024323,2.76746142681084,-3.4362643590689
-0.405940218543415,-2.64641389240939,1.64580311753332,6.58291881137175,3.09386502501653,5.89657028158094
-0.241359906790082,-2.03712201127222,1.64580311753332,5.60291881137175,3.73511311618799,6.79273028926718
-0.0767795950367501,-1.52583013013504,1.64580311753332,4.62291881137175,4.42391176188938,6.837521665454
1.07187454326653,-0.865708756770202,0,0,1.79716549419787,0
1.07187454326653,-0.914708756770202,0,-0.98,1.94238735809152,2.87371441044182
1.07187454326653,-1.0617087567702,0,-1.96,2.35985152936808,5.38725107188736
1.07187454326653,-1.3067087567702,0,-2.94,2.99723502667987,7.22557520796567
1.07187454326653,-1.6497087567702,0,-3.92,3.77465122230159,8.15827998118049
1.07187454326653,-2.0907087567702,0,-4.9,4.59466245355723,8.06846459428675
1.07187454326653,-2.6297087567702,0,-5.88,5.35449239781457,6.96738608235701
1.07187454326653,-3.2667087567702,0,-6.85999999999999,5.95890756982477,4.99304840933822
1.07187454326653,-4.0017087567702,0,-7.83999999999999,6.33215343556093,2.39290570505186
1.07187454326653,-4.8347087567702,0,-8.82,6.42744912659887,-0.507152463037442
1.07187454326653,-5.7657087567702,0,-9.8,6.23285073252529,-3.34364654419298
1.0488961233016,-6.65764056508308,-0.862570397352138,-5.53709542473474,6.04973194255484,4.79967823081707
0.900547197956557,-6.85065473519284,-1.71534936229322,-0.845461545715519,7.2163346982156,13.1692682402831
0.729012261727236,-6.9842008897644,-1.71534936229322,-1.82546154571552,8.31125064909473,8.49741239731118
0.557477325497914,-7.21574704433595,-1.71534936229322,-2.80546154571552,8.88016575719773,2.7605311440161
0.385942389268592,-7.5452931989075,-1.71534936229322,-3.78546154571552,8.85177489831732,-3.32234200381031
0.21440745303927,-7.97283935347905,-1.71534936229322,-4.76546154571552,8.22963644820163,-8.98880854558292
0.0398840562888723,-8.28613861432236,-1.79535511767129,1.33482494261586,7.51434144193522,0.518298301153131
-0.139702813214083,-7.78007724945849,-1.79124812366341,6.00029518501359,8.18383343711214,7.14445620046185
-0.318827625580424,-7.22904773095713,-1.79124812366341,5.02029518501359,8.6282760661588,1.65037092568362
-0.497952437946766,-6.77601821245577,-1.79124812366341,4.0402951850136,8.50698338868454,-4.05056402164226
-0.677077250313107,-6.42098869395441,-1.79124812366341,3.0602951850136,7.83515765421848,-9.24382046541544
-0.856202062679449,-6.16395917545305,-1.79124812366341,2.0802951850136,6.69700231731467,-13.2785002478708
-1.02247708430484,-5.92560111696845,-1.18292573104815,4.78044282712673,5.39549791970831,-8.22059333740301
-1.06325149297375,-5.06956791596651,-0.0273081217583749,10.0887825693335,5.36773013057472,3.08904963436317
-1.06598230514959,-4.10968965903316,-0.0273081217583749,9.10878256933354,5.59161798092031,1.34134207584868
-1.06871311732543,-3.2478114020998,-0.0273081217583749,8.12878256933354,5.63037086190484,-0.574482943349451
-1.07144392950127,-2.48393314516645,-0.0273081217583749,7.14878256933354,5.47913167103403,-2.41830499222427
-1.0741747416771,-1.81805488823309,-0.0273081217583749,6.16878256933354,5.15685601194295,-3.95902815092985
-1.07690555385294,-1.25017663129974,-0.0273081217583749,5.18878256933354,4.70393638884964,-5.00354547847966
-1.07963636602878,-0.780298374366385,-0.0273081217583749,4.20878256933354,4.17713960144684,-5.42094212181526
-1.08236717820462,-0.408420117433031,-0.0273081217583749,3.22878256933354,3.64249186318194,-5.1589035632326
-1.08509799038045,-0.134541860499676,-0.0273081217583749,2.24878256933354,3.167003388486,-4.25027247417152
-1.08782880255629,0.0413363964336783,-0.0273081217583749,1.26878256933354,2.81026964998155,-2.80893237038039
-1.09055961473213,0.119214653367033,-0.0273081217583749,0.288782569333544,2.61700196429809,-1.01553399161546
-1.09329042690796,0.0990929103003871,-0.0273081217583749,-0.691217430666456,2.6114235874838,0.905146606188001
-1.0960212390838,-0.0190288327662585,-0.0273081217583749,-1.67121743066646,2.79423368685791,2.71238041680373
-1.09875205125964,-0.235150575832904,-0.0273081217583749,-2.65121743066646,3.14251971068905,4.1796573168223
-1.10148286343548,-0.54927231889955,-0.0273081217583749,-3.63121743066645,3.61262913887797,5.12307577134078
-1.10421367561131,-0.961394061966195,-0.0273081217583749,-4.61121743066645,4.14564068300353,5.42439218105611
-1.10694448778715,-1.47151580503284,-0.0273081217583749,-5.59121743066645,4.67474920145544,5.0458409747751
-1.10967529996299,-2.07963754809948,-0.0273081217583749,-6.57121743066645,5.13363873937013,4.03486796718017
-1.11240611213883,-2.78575929116613,-0.0273081217583749,-7.55121743066645,5.46479425621801,2.51818372520744
-1.11513692431466,-3.58988103423277,-0.0273081217583749,-8.53121743066645,5.62671028848544,0.685882265922267
-1.1178677364905,-4.49200277729942,-0.0273081217583749,-9.51121743066646,5.59909304782526,-1.23238442694303
-1.1202565876744,-5.49047421026445,0.0345265895741568,-10.1913102163182,5.38877413130273,-2.38393200833551
-1.04141965033455,-6.16200335551234,1.59292730282083,-2.74999863184457,5.87565241023925,13.0013076335104
-0.867292929401939,-6.39648779196897,1.7583997899799,-2.73024429792273,7.21649887487941,11.9265662450491
-0.69145295040395,-6.71851222176124,1.7583997899799,-3.71024429792273,8.18974125429896,7.33238399763213
-0.515612971405961,-7.13853665155351,1.7583997899799,-4.69024429792273,8.65221220279362,1.81919547977187
-0.339772992407971,-7.65656108134579,1.7583997899799,-5.67024429792272,8.54594780280723,-3.92200238037898
-0.163770258834945,-8.26545213909263,1.77633264859709,-5.82831162286287,7.89853113053049,-7.52854936907104
0.0200154516636675,-8.37070005436138,1.86737854027504,3.83091699621643,7.9674922562991,9.10822475701431
0.206352193276669,-7.94639450935722,1.86282613652163,3.84899896747258,8.79503279904967,5.65259539820454
0.392634806928831,-7.61049461260996,1.86282613652163,2.86899896747258,9.05511652897754,-0.505943628857239
0.578917420580994,-7.3725947158627,1.86282613652163,1.88899896747258,8.6959667910839,-6.60107007849762
0.765200034233156,-7.23269481911545,1.86282613652163,0.908998967472581,7.76259771192114,-11.8688496793398
0.941808087854256,-7.1129881020865,1.39106134233067,3.64668349788875,6.52843765014755,-8.18436574442158
1.01449117882131,-6.32169267676091,0.366503421126461,9.90105392249366,6.52491784882988,3.50772868842105
1.05114152093395,-5.38058728451155,0.366503421126461,8.92105392249365,6.71727709460312,0.298761063368815
1.0877918630466,-4.53748189226218,0.366503421126461,7.94105392249364,6.58341659091693,-2.94765185784461
1.12444220515924,-3.79237650001282,0.366503421126461,6.96105392249364,6.1401137790929,-5.82462006070512
1.16109254727189,-3.14527110776345,0.366503421126461,5.98105392249365,5.44293013326562,-7.97155798132649
1.19774288938453,-2.59616571551409,0.366503421126461,5.00105392249365,4.57924734845131,-9.11937859262566
1.23439323149718,-2.14506032326472,0.366503421126461,4.02105392249365,3.65731533289714,-9.12421949740063
1.27104357360982,-1.79195493101536,0.366503421126461,3.04105392249365,2.79268467745363,-7.98547395959531
1.30769391572247,-1.53684953876599,0.366503421126461,2.06105392249365,2.09372409197922,-5.84586694972049
1.30998467561055,-1.34250308455692,-0.689195608638438,2.20747848073509,1.74888686644144,0.0855486505006102
1.21402648276238,-1.14339956751896,-0.999693230440257,1.5413228113097,1.98117324826725,3.85422236973262
1.11405715971835,-1.03826728638799,-0.999693230440257,0.561322811309702,2.49220070465515,6.25821474040091
1.01408783667432,-1.03113500525702,-0.999693230440257,-0.418677188690298,3.20655946849788,7.87783212599081
0.914118513630299,-1.12200272412605,-0.999693230440257,-1.3986771886903,4.03471519686086,8.51007935691563
0.814149190586273,-1.31087044299508,-0.999693230440257,-2.3786771886903,4.87287077443153,8.07571356075229
0.714179867542247,-1.59773816186411,-0.999693230440257,-3.3586771886903,5.61597575217586,6.62917608844459
0.614210544498222,-1.98260588073314,-0.999693230440257,-4.3386771886903,6.17089287290766,4.35176909329899
0.514241221454196,-2.46547359960217,-0.999693230440257,-5.31867718869029,6.46807145383308,1.52893197807353
0.41427189841017,-3.0463413184712,-0.999693230440257,-6.29867718869029,6.4702645396107,-1.48553422739466
0.314302575366145,-3.72520903734023,-0.999693230440257,-7.27867718869029,6.177197259263,-4.31381061101217
0.214333252322119,-4.50207675620926,-0.999693230440257,-8.25867718869029,5.62560127720197,-6.60141441082032
0.11408103678137,-5.36545692423731,-1.02718456416579,-8.06909741815487,4.90758061144795,-5.72395305568093
0.0034723547592889,-5.65793535499169,-1.14810091439228,1.55099017834763,5.41308171498046,14.3862450985279
-0.111326425488605,-5.52201913772775,-1.14797337041593,0.88492119400382,6.79864853024989,12.4666116492369
-0.226123762530198,-5.48252701832737,-1.14797337041593,-0.0950788059961798,7.85094824434682,8.35676006438729
-0.340921099571791,-5.54103489892699,-1.14797337041593,-1.07507880599618,8.43493923823535,3.1995117662285
-0.455718436613384,-5.69754277952661,-1.14797337041593,-2.05507880599618,8.47742684760751,-2.35874817783442
-0.570515773654977,-5.95205066012623,-1.14797337041593,-3.03507880599618,7.97308587681381,-7.62137380063272
-0.685313110696571,-6.30455854072584,-1.14797337041593,-4.01507880599618,6.98512803364272,-11.9287725401597
-0.787336395146905,-6.64462825406668,-0.556705164248306,0.0773445527700094,5.8591712160548,-4.57206108072445
-0.774273426762411,-6.11599772143502,0.451469385036447,7.42284397956092,6.4361100815595,9.78597358719618
-0.729126488258766,-5.42271332347893,0.451469385036447,6.44284397956092,7.24868880678412,6.29369327509729
-0.68397954975512,-4.82742892552284,0.451469385036447,5.46284397956092,7.66844315628764,2.01259126653976
-0.638832611251475,-4.33014452756675,0.451469385036447,4.48284397956092,7.64276310864369,-2.52075939595354
-0.59368567274783,-3.93086012961065,0.451469385036447,3.50284397956092,7.17486727935876,-6.73817001869881
-0.548538734244185,-3.62957573165456,0.451469385036447,2.52284397956092,6.32339951485902,-10.1110503357216
-0.50339179574054,-3.42629133369847,0.451469385036447,1.54284397956092,5.19507875062084,-12.2166595083119
-0.458244857236895,-3.32100693574238,0.451469385036447,0.562843979560922,3.93132336541741,-12.7910904588613
-0.406971133587206,-3.26608725588945,0.778996802247784,2.15425245436334,2.78640554173328,-6.59442759194473
-0.285251451529389,-2.7349910540892,1.41809771178659,6.54249146553527,2.94966221626606,5.93642422917144
-0.14344168035073,-2.12974190753567,1.41809771178659,5.56249146553528,3.60384894576204,7.00891183391218
-0.00163190917207073,-1.62249276098215,1.41809771178659,4.58249146553528,4.32203825899846,7.20293563658239
1.14405234516575,-0.754986658239652,0,0,1.77277836592163,0
1.14405234516575,-0.803986658239653,0,-0.98,1.91952851337315,2.90395676077202
1.14405234516575,-0.950986658239653,0,-1.96,2.34138598750269,5.44394533964089
1.14405234516575,-1.19598665823965,0,-2.94,2.98547717119777,7.30161560223118
1.14405234516575,-1.53898665823965,0,-3.92,3.77107472710183,8.24413595920885
1.14405234516575,-1.97998665823965,0,-4.9,4.59971557960313,8.1533753745649
1.14405234516575,-2.51898665823965,0,-5.88,5.36754181022842,7.04070934997983
1.14405234516575,-3.15598665823965,0,-6.85999999999999,5.97831771708074,5.04559417333695
1.14405234516575,-3.89098665823965,0,-7.83999999999999,6.35549154176435,2.41808812832132
1.14405234516575,-4.72398665823965,0,-8.82,6.4517901040907,-0.512489626118873
1.14405234516575,-5.65498665823965,0,-9.8,6.25514379851071,-3.37883435889105
1.12606981044847,-6.58447526778776,-0.777007633895781,-6.40613224026835,5.99189397744573,3.02077840283071
0.9728569770664,-6.81330039503504,-1.86586621356007,-0.673166526932574,7.09229141895158,13.6665884210581
0.786270355710394,-6.92961704772829,-1.86586621356007,-1.65316652693257,8.24366961754788,9.11739212284455
0.599683734354387,-7.14393370042155,-1.86586621356007,-2.63316652693257,8.87751725967239,3.42546509288184
0.413097112998381,-7.45625035311481,-1.86586621356007,-3.61316652693257,8.91439088494494,-2.69579350240348
0.226510491642374,-7.86656700580807,-1.86586621356007,-4.59316652693257,8.34966892788371,-8.47917411230786
0.0384502479530383,-8.25778034412504,-1.91678686940059,-0.526318922772444,7.48768897558024,-3.15556502563647
-0.152484271885743,-7.82671075272132,-1.89389888682316,6.35778801830597,8.01970885549847,8.09078988321254
-0.341874160568059,-7.23993195089073,-1.89389888682316,5.37778801830597,8.56708495073831,2.7409301542838
-0.531264049250374,-6.75115314906013,-1.89389888682316,4.39778801830598,8.55639514394582,-2.95246477399441
-0.72065393793269,-6.36037434722953,-1.89389888682316,3.41778801830598,7.988979244864,-8.2758117557843
-0.910043826615005,-6.06759554539893,-1.89389888682316,2.43778801830598,6.93595447395606,-12.5619077016357
-1.0971709148493,-5.86032797572825,-1.68469081803978,2.59996038181428,5.55466930791432,-12.9538108327533
-1.17312119478654,-5.18635707811829,0.0713287984366967,10.2012375728258,5.13081252882651,3.19661449226087
-1.16130180095883,-4.19469267891455,0.120474692699711,9.43659468874329,5.4214079768125,2.15251636176412
-1.14925433168885,-3.30003321004022,0.120474692699711,8.45659468874328,5.55024327813229,0.396933508266182
-1.13720686241888,-2.50337374116589,0.120474692699711,7.47659468874328,5.49912931931297,-1.40839911052546
-1.12515939314891,-1.80471427229156,0.120474692699711,6.49659468874328,5.27447248178295,-3.03720965757386
-1.11311192387894,-1.20405480341723,0.120474692699711,5.51659468874328,4.90443018916957,-4.28535073598088
-1.10106445460897,-0.701395334542905,0.120474692699711,4.53659468874328,4.43538178922411,-4.99638625649405
-1.089016985339,-0.296735865668577,0.120474692699711,3.55659468874329,3.9261155861138,-5.0811983957611
-1.07696951606903,0.00992360320575203,0.120474692699711,2.57659468874329,3.4404605929078,-4.52915720208092
-1.06492204679906,0.218583072080081,0.120474692699711,1.59659468874329,3.03928650549105,-3.40945290318776
-1.05287457752908,0.32924254095441,0.120474692699711,0.616594688743287,2.77287458327585,-1.86242393091072
-1.04082710825911,0.341902009828738,0.120474692699711,-0.363405311256712,2.67461563436992,-0.0819675670442703
-1.02877963898914,0.256561478703067,0.120474692699711,-1.34340531125671,2.75682496988985,1.70876222330581
-1.01673216971917,0.0732209475773958,0.120474692699711,-2.32340531125671,3.00919886121697,3.28532385243347
-1.0046847004492,-0.208119583548275,0.120474692699711,-3.30340531125671,3.40010596051997,4.45011855526784
-0.992637231179228,-0.587460114673946,0.120474692699711,-4.28340531125671,3.88055182403263,5.05715648238421
-0.980589761909257,-1.06480064579962,0.120474692699711,-5.26340531125671,4.39031964350321,5.03035437606305
-0.968542292639285,-1.64014117692529,0.120474692699711,-6.24340531125671,4.86551753564468,4.37307148533331
-0.956494823369314,-2.31348170805096,0.120474692699711,-7.22340531125671,5.24658644807486,3.16768853361551
-0.944447354099343,-3.08482223917663,0.120474692699711,-8.2034053112567,5.48576500875986,1.56528250915515
-0.932399884829372,-3.9541627703023,0.120474692699711,-9.18340531125671,5.55307571009822,-0.233308608903955
-0.920352415559401,-4.92150330142797,0.120474692699711,-10.1634053112567,5.44008214769509,-2.00265793128579
-0.893253708287384,-5.89420870246028,0.757033097440276,-7.14047156248078,5.34811892670906,4.54568239565946
-0.759805901501401,-6.25613904936351,1.57715487968102,-2.3562669802103,6.51619845190631,13.9925055973413
-0.6020904135333,-6.54076574738454,1.57715487968102,-3.3362669802103,7.73558704679867,10.1372947195794
-0.444374925565198,-6.92339244540557,1.57715487968102,-4.3162669802103,8.50112574741492,5.01152335073585
-0.286659437597096,-7.4040191434266,1.57715487968102,-5.2962669802103,8.71686556003587,-0.742368610962961
-0.128943949628993,-7.98264584144763,1.57715487968102,-6.27626698021029,8.35576667869968,-6.40321560813577
0.0292976815851727,-8.51314340114688,1.58515491135803,-1.58859310381499,7.75433620023528,0.00504408889337116
0.183948396000249,-8.2364796540582,1.52294845081361,4.34515903710295,8.48355493836211,8.85861987532111
0.33624324108161,-7.85096375034791,1.52294845081361,3.36515903710295,9.07703515845091,2.8854289563793
0.488538086162971,-7.56344784663761,1.52294845081361,2.38515903710295,9.04853473354156,-3.44940795714513
0.640832931244331,-7.37393194292732,1.52294845081361,1.40515903710295,8.40162577186936,-9.35191242004196
0.793107549941444,-7.28222882140342,1.51522482978953,0.496447351339644,7.21776537226475,-13.9388910920915
0.899611795328274,-6.89991542643936,0.429370304334721,8.47738896312537,6.4210876899969,0.860276855322578
0.919000431171654,-5.92468960706933,0.152820422334833,9.56568995924193,6.7111907441465,1.92581139095187
0.934282473405138,-5.01712061114513,0.152820422334833,8.58568995924193,6.73700349512943,-1.41501726854091
0.949564515638621,-4.20755161522094,0.152820422334833,7.60568995924192,6.43412408307322,-4.57849436770434
0.964846557872104,-3.49598261929675,0.152820422334833,6.62568995924193,5.84051397848841,-7.1681246750237
0.980128600105587,-2.88241362337256,0.152820422334833,5.64568995924193,5.03057345944957,-8.85933619707777
0.99541064233907,-2.36684462744836,0.152820422334833,4.66568995924193,4.10581663323516,-9.44016049441649
1.01069268457255,-1.94927563152417,0.152820422334833,3.68568995924193,3.18214813908096,-8.8377998014849
1.02597472680604,-1.62970663559998,0.152820422334833,2.70568995924193,2.37533620983735,-7.12775115365112
1.04125676903952,-1.40813763967578,0.152820422334833,1.72568995924193,1.78650283015692,-4.5243439464855
1.0320894467952,-1.2534454443166,-0.49649669058491,1.56230355754093,1.56813626687266,0.707924733412902
0.976415831128979,-1.13893482272781,-0.561212938397577,0.660503219016531,1.81557049745936,4.01323643274213
0.920294537289221,-1.12188450082616,-0.561212938397577,-0.319496780983469,2.3525437155623,6.61262687462361
0.864173243449463,-1.20283417892451,-0.561212938397577,-1.29949678098347,3.11035218645759,8.38322199367836
0.808051949609705,-1.38178385702285,-0.561212938397577,-2.27949678098347,3.99401578678852,9.1031037865079
0.751930655769947,-1.6587335351212,-0.561212938397577,-3.25949678098347,4.89278030755676,8.68204567990922
0.695809361930189,-2.03368321321955,-0.561212938397577,-4.23949678098347,5.69399886194451,7.17282110206424
0.639688068090431,-2.50663289131789,-0.561212938397577,-5.21949678098346,6.29725051240282,4.76458911108592
0.583566774250673,-3.07758256941624,-0.561212938397577,-6.19949678098346,6.62692655518399,1.75918609488097
0.527445480410915,-3.74653224751459,-0.561212938397577,-7.17949678098346,6.64170695704602,-1.46670497165481
0.471324186571157,-4.51348192561293,-0.561212938397577,-8.15949678098346,6.33973921245021,-4.50876618604128
0.4152028927314,-5.37843160371128,-0.561212938397577,-9.13949678098347,5.75887052782908,-6.98572000851304
0.346421773677914,-6.14468239849665,-0.988277260097639,-3.22543592335823,5.36450295078033,5.12625694326282
0.225647237223658,-6.09766543153322,-1.27414783939162,1.31558690246204,6.61485537100806,13.8940728126273
0.0982324532844961,-6.01510674128701,-1.27414783939162,0.335586902462044,7.81842458244434,9.92268655449899
-0.0291823306546658,-6.03054805104081,-1.27414783939162,-0.644413097537956,8.55776143536124,4.7076377759221
-0.156597114593828,-6.1439893607946,-1.27414783939162,-1.62441309753796,8.74020095148835,-1.09744401733293
-0.284011898532989,-6.3554306705484,-1.27414783939162,-2.60441309753795,8.34287702625162,-6.7649773769262
-0.411426682472151,-6.6648719803022,-1.27414783939162,-3.58441309753795,7.41558835798144,-11.5846205235098
-0.533192759023249,-6.99428923968657,-0.973155824299676,-0.476540381308771,6.23070521457461,-6.78214450862446
-0.5819614255376,-6.48350891711793,-0.212994019678468,7.93579078629627,6.63850510326047,9.31068346191789
-0.603260827505447,-5.73892983848831,-0.212994019678468,6.95579078629627,7.39186825399649,5.59719944733397
-0.624560229473294,-5.09235075985868,-0.212994019678468,5.97579078629627,7.73446159546186,1.18218897277939
-0.645859631441141,-4.54377168122905,-0.212994019678468,4.99579078629627,7.62334610140128,-3.38099146653571
-0.667159033408988,-4.09319260259943,-0.212994019678468,4.01579078629627,7.07244846139248,-7.52041445403034
-0.688458435376835,-3.7406135239698,-0.212994019678468,3.03579078629627,6.15081557556823,-10.7172643244392
-0.709757837344682,-3.48603444534017,-0.212994019678468,2.05579078629627,4.97396054327947,-12.5708630612253
-0.731057239312529,-3.32945536671054,-0.212994019678468,1.07579078629627,3.68938479850828,-12.8488893808161
-0.723893835138232,-3.14521994466989,0.795782441813778,4.52724639544698,2.71474181948364,-2.49225621262944
-0.588247753306471,-2.49930753168733,1.51109205129189,6.63472098718913,3.04858903420693,5.48484522241288
-0.437138548177282,-1.88483543296842,1.51109205129189,5.65472098718913,3.6523656675541,6.46295358380708
-0.286029343048093,-1.36836333424951,1.51109205129189,4.67472098718913,4.31406402859803,6.63102596352927
1.13664827864758,-0.974638602103236,0,0,1.92084081082366,0
1.13664827864758,-1.02363860210324,0,-0.98,2.05831223560157,2.72034529661142
1.13664827864758,-1.17063860210324,0,-1.96,2.45349649285049,5.09973540231524
1.13664827864758,-1.41563860210324,0,-2.94,3.05686306008821,6.8399488344701
1.13664827864758,-1.75863860210324,0,-3.92,3.79278883043779,7.7228754863749
1.13664827864758,-2.19963860210324,0,-4.9,4.56903635455131,7.6378535146675
1.13664827864758,-2.73863860210323,0,-5.88,5.2883144455037,6.59553917047091
1.13664827864758,-3.37563860210323,0,-6.85999999999999,5.86047219521055,4.72657119536386
1.13664827864758,-4.11063860210323,0,-7.83999999999999,6.21379806212539,2.26519718045735
1.13664827864758,-4.94363860210323,0,-8.82,6.30400785609811,-0.48008591684539
1.13664827864758,-5.87463860210323,0,-9.8,6.1197951089571,-3.16519731987839
1.09621436763182,-6.67590325650773,-1.17375552413422,-4.02082634965256,6.14429328590427,8.12903620040427
0.933733376587677,-6.84353768403905,-1.74276452661957,-1.4089478724891,7.3787404981157,12.0817117546577
0.75945692392572,-7.03343247128796,-1.74276452661957,-2.3889478724891,8.35700466900426,7.27661191656749
0.585180471263763,-7.32132725853687,-1.74276452661957,-3.3689478724891,8.80353340503842,1.55949601643705
0.410904018601807,-7.70722204578578,-1.74276452661957,-4.3489478724891,8.66236091004034,-4.35307972566585
0.23657090990611,-8.18927594066654,-1.75290019264422,-4.99291380999595,7.95486400313866,-9.04787613229893
0.0518849823773761,-8.26752573257435,-1.92323900046462,4.26687221652846,7.76033889252223,6.87931259213508
-0.14095941375989,-7.74269288616709,-1.9288462027352,4.97269942177073,8.49480382011309,5.13570878589861
-0.33384403403341,-7.29442294399001,-1.9288462027352,3.99269942177074,8.72309784261259,-0.618125793827184
-0.526728654306931,-6.94415300181294,-1.9288462027352,3.01269942177074,8.37377204638413,-6.29448741508212
-0.719613274580451,-6.69188305963587,-1.9288462027352,2.03269942177074,7.49060927167487,-11.1819278060321
-0.911023609574466,-6.52665754863913,-1.78730931460051,2.09170561662893,6.20639583679289,-12.5728694586791
-1.02051154623061,-5.90677353366945,-0.436902182975198,9.82999342674247,5.76482879232253,2.88157223324181
-1.05860713239367,-4.94077323304771,-0.377489554524653,9.18970793490021,6.00727486521294,1.30570196705534
-1.09635608784614,-4.07080243955769,-0.377489554524653,8.20970793490021,6.01649026818092,-1.123343500975
-1.1341050432986,-3.29883164606767,-0.377489554524653,7.2297079349002,5.78731922228793,-3.41159441680356
-1.17185399875107,-2.62486085257765,-0.377489554524653,6.24970793490021,5.34848494065008,-5.27225225204199
-1.20960295420354,-2.04889005908763,-0.377489554524653,5.26970793490021,4.75498883299715,-6.4721109691523
-1.247351909656,-1.57091926559761,-0.377489554524653,4.28970793490021,4.08121688956591,-6.86078596129529
-1.28510086510847,-1.19094847210759,-0.377489554524653,3.30970793490021,3.41161649351354,-6.38956254645044
-1.32284982056093,-0.908977678617566,-0.377489554524653,2.32970793490021,2.83011218601199,-5.11750163485616
-1.3605987760134,-0.725006885127545,-0.377489554524653,1.34970793490021,2.40958696187973,-3.20403731434125
-1.39834773146586,-0.639036091637524,-0.377489554524653,0.369707934900212,2.20274746032037,-0.888994137130827
-1.43609668691833,-0.651065298147503,-0.377489554524653,-0.610292065099788,2.23551796448062,1.53747135327717
-1.4738456423708,-0.761094504657482,-0.377489554524653,-1.59029206509979,2.50379117462999,3.77123746855417
-1.51159459782326,-0.96912371116746,-0.377489554524653,-2.57029206509979,2.97394299764424,5.53233454707163
-1.54934355327573,-1.27515291767744,-0.377489554524653,-3.55029206509979,3.58704683153538,6.60003502483513
-1.58709250872819,-1.67918212418742,-0.377489554524653,-4.53029206509979,4.26625914655863,6.84051838257908
-1.62484146418066,-2.1812113306974,-0.377489554524653,-5.51029206509978,4.92645068915731,6.22364357562831
-1.66259041963312,-2.78124053720737,-0.377489554524653,-6.49029206509978,5.48487617927375,4.82672676963267
-1.70033937508559,-3.47926974371735,-0.377489554524653,-7.47029206509978,5.87154521171661,2.82485089867592
-1.73808833053806,-4.27529895022733,-0.377489554524653,-8.45029206509978,6.03799452194303,0.468921599834106
-1.77583728599052,-5.16932815673731,-0.377489554524653,-9.43029206509979,5.96336214202531,-1.94578011062288
-1.79488495276134,-6.10056535752233,0.545116447777444,-7.36865658150561,5.78393751319634,2.21689469129645
-1.62190501413235,-6.4666505404224,2.34655626055651,-1.89092028236746,6.75839647578876,13.0185522145144
-1.3872493880767,-6.70474256865915,2.34655626055651,-2.87092028236746,7.86725489688507,8.92402818432597
-1.15259376202104,-7.0408345968959,2.34655626055651,-3.85092028236746,8.50576079919979,3.71100874230694
-0.917938135965394,-7.47492662513264,2.34655626055651,-4.83092028236746,8.59388687809014,-1.96713095319477
-0.683282509909743,-8.00701865336939,2.34655626055651,-5.81092028236746,8.1205878283648,-7.39871977494242
-0.429927630807366,-8.36182184013817,2.84108398398792,1.04040174387563,7.69372543326271,3.6192801292652
-0.131488583563001,-7.98888083572766,3.02002409659321,4.11409142016573,8.45114802344527,6.74448868480404
0.170513826096321,-7.62647169371109,3.02002409659321,3.13409142016573,8.83968097330185,0.943973005193991
0.472516235755642,-7.36206255169451,3.02002409659321,2.15409142016573,8.63598212718112,-4.9748557784194
0.774518645414963,-7.19565340967794,3.02002409659321,1.17409142016573,7.86558213336365,-10.2701597088426
1.0725876016086,-7.09949203225949,2.74465620638023,2.09599675637983,6.68103263889115,-10.442423893464
1.26749292004033,-6.4563905675838,1.30577863837476,9.58091792319519,6.46539532027077,3.78227286944081
1.39643080245944,-5.53900827818481,1.2888565981446,8.68645131078208,6.70493170619786,0.79401769598634
1.5253164622739,-4.7193631471066,1.2888565981446,7.70645131078208,6.62033158206876,-2.46812233352363
1.65420212208836,-3.9977180160284,1.2888565981446,6.72645131078208,6.22166239970803,-5.4209196033181
1.78308778190282,-3.37407288495019,1.2888565981446,5.74645131078208,5.55889146560115,-7.69428449352745
1.91197344171727,-2.84842775387198,1.2888565981446,4.76645131078208,4.71508734851982,-9.00328421969247
2.04085910153173,-2.42078262279377,1.2888565981446,3.78645131078208,3.79600845867997,-9.1838549579967
2.16939042520541,-2.09079138650666,1.21046574600224,2.88267149644998,2.91783831643698,-7.99473228697553
2.14332028634806,-1.71952980962061,-1.88492117247452,4.61177688185471,2.60193826883769,2.06577917574041
1.93563094702783,-1.29213742587855,-2.09143166121324,3.79536743289354,2.94706571112673,4.31029180933059
1.72648778090651,-0.961600682589199,-2.09143166121324,2.81536743289354,3.44221318514834,5.48790519309671
1.51734461478519,-0.729063939299844,-2.09143166121324,1.83536743289354,4.0216219033408,5.97769054084286
1.30820144866386,-0.59452719601049,-2.09143166121324,0.855367432893545,4.61267152211909,5.71826047762198
1.09905828254254,-0.557990452721135,-2.09143166121324,-0.124632567106455,5.14128268257247,4.74213073842474
0.889915116421214,-0.619453709431781,-2.09143166121324,-1.10463256710645,5.5412017663338,3.1716448000112
0.68077195029989,-0.778916966142427,-2.09143166121324,-2.08463256710646,5.76230481020321,1.20363992917108
0.471628784178567,-1.03638022285307,-2.09143166121324,-3.06463256710645,5.77687980621862,-0.915223467698366
0.262485618057243,-1.39184347956372,-2.09143166121324,-4.04463256710645,5.58309999343646,-2.91937709129899
0.0533424519359189,-1.84530673627436,-2.09143166121324,-5.02463256710645,5.20525281549165,-4.55762982183719
-0.155800714185405,-2.39676999298501,-2.09143166121324,-6.00463256710645,4.69069584748583,-5.62465082387758
-0.364943880306729,-3.04623324969565,-2.09143166121324,-6.98463256710645,4.10392122189335,-5.98670474041571
-0.573386455013811,-3.78897823664663,-2.00101959217478,-7.3596352545202,3.52800919974885,-4.37568615433997
-0.706282440189447,-4.15046729069271,-0.676537735128343,-0.120275417128524,3.98554304043122,12.9283153398035
-0.768744930486695,-4.18114154277863,-0.621500107822308,-0.778521088658972,5.31976666202386,12.8943883860029
-0.830894941268926,-4.30799365164452,-0.621500107822308,-1.75852108865897,6.506624691216,10.5916827226984
-0.893044952051156,-4.53284576051042,-0.621500107822308,-2.73852108865897,7.39366514513635,6.96146572880806
-0.955194962833386,-4.85569786937632,-0.621500107822308,-3.71852108865897,7.86971057596249,2.45873160292121
-1.01734497361562,-5.27654997824221,-0.621500107822308,-4.69852108865897,7.87509570483327,-2.35216829291255
-1.07949498439785,-5.79540208710811,-0.621500107822308,-5.67852108865897,7.40914558521527,-6.86825855908942
-1.14164499518008,-6.41225419597401,-0.621500107822308,-6.65852108865897,6.5302601975029,-10.5235138382285
-1.13701533469723,-6.74286884515285,1.09016637321783,2.2890142081703,6.12318187759951,7.02624036012053
-0.984235351904242,-6.30090964726857,1.61413127911522,4.44982847183566,7.20836274773773,10.1796216348838
-0.822822223992721,-5.90492680008501,1.61413127911522,3.46982847183566,8.0110852451551,5.70500583656073
-0.661409096081199,-5.60694395290144,1.61413127911522,2.48982847183566,8.32542820938942,0.515351636220849
-0.499995968169678,-5.40696110571787,1.61413127911522,1.50982847183566,8.11199338262218,-4.73889429648515
-0.338582840258156,-5.30497825853431,1.61413127911522,0.529828471835659,7.39753167481935,-9.39918967020261
-0.177169712346634,-5.30099541135074,1.61413127911522,-0.450171528164341,6.27159033142894,-12.8814351425969
-0.0156378682099021,-5.37988741815324,1.62268480421135,-0.0588903521536929,4.90552042829882,-12.0096927060899
0.14277107037651,-4.90122696643471,1.51563991416565,8.67813171751325,4.73624432731618,6.74863089044129
0.293884863125481,-4.06761566518981,1.5109650072558,7.85167020965039,5.38701851715964,5.84399792569607
0.444981363851061,-3.33144864422477,1.5109650072558,6.87167020965039,5.87941316097979,3.89972485661584
0.596077864576641,-2.69328162325973,1.5109650072558,5.89167020965039,6.15060195109885,1.46667875035807
0.74717436530222,-2.15311460229469,1.5109650072558,4.91167020965039,6.16659536941882,-1.15019392153171
0.898270866027799,-1.71094758132965,1.5109650072558,3.9316702096504,5.92538887666537,-3.6229067367195
1.16111069535783,-0.860156025049677,0,0,1.8564322104678,0
1.16111069535783,-0.909156025049677,0,-0.98,1.99793996965104,2.80021806531858
1.16111069535783,-1.05615602504968,0,-1.96,2.40472733508453,5.24947006532445
1.16111069535783,-1.30115602504968,0,-2.94,3.0258095056799,7.04077835854005
1.16111069535783,-1.64415602504968,0,-3.92,3.78334298476925,7.94962885045913
1.16111069535783,-2.08515602504968,0,-4.9,4.58238211516534,7.86211052643585
1.16111069535783,-2.62415602504968,0,-5.88,5.32277911799496,6.78919251856544
1.16111069535783,-3.26115602504967,0,-6.85999999999999,5.91173614081734,4.86534928663612
1.16111069535783,-3.99615602504967,0,-7.83999999999999,6.27543610078628,2.33170622645829
1.16111069535783,-4.82915602504967,0,-8.82,6.36829456807929,-0.49418184483053
1.16111069535783,-5.76015602504967,0,-9.8,6.17867310235993,-3.25813150501954
1.13221447500256,-6.63083529554296,-1.00887837679067,-5.14152519145165,6.05092286757505,5.76073067184693
0.969755409058806,-6.8198066301298,-1.83407902279511,-1.07180906291058,7.24186939051533,12.8593507491719
0.786347506779295,-6.97598753642086,-1.83407902279511,-2.05180906291058,8.30484353262906,8.17525126271909
0.602939604499784,-7.23016844271192,-1.83407902279511,-3.03180906291058,8.84261986958885,2.46650451620042
0.419531702220273,-7.58234934900298,-1.83407902279511,-4.01180906291058,8.78779606323388,-3.55138222037598
0.236123799940763,-8.03253025529404,-1.83407902279511,-4.99180906291058,8.14724346970856,-9.12415553531603
0.0478398416735323,-8.29550756900209,-1.94803650795405,2.27284866144842,7.56842335471552,2.76279366102828
-0.147418774169176,-7.77684214246723,-1.95100766237351,5.62827957877673,8.29351528161918,6.62974951530604
-0.342519540406527,-7.26301418458955,-1.95100766237351,4.64827957877673,8.68069348268413,1.03190380700212
-0.537620306643878,-6.84718622671188,-1.95100766237351,3.66827957877673,8.49556662658755,-4.69527583540023
-0.732721072881228,-6.52935826883421,-1.95100766237351,2.68827957877673,7.7613376363702,-9.83397185006353
-0.927821839118579,-6.30953031095653,-1.95100766237351,1.70827957877673,6.57003129500441,-13.7401244249092
-1.09053140937629,-5.99294275119607,-0.895484862746121,6.90528787440221,5.4638973096721,-3.50194097081072
-1.12296208386378,-5.04939517557631,-0.156304457441782,9.81122783089978,5.64258930516956,2.64395580872412
-1.13859252960796,-4.11727239248633,-0.156304457441782,8.83122783089977,5.80567670896705,0.583289799847053
-1.15422297535214,-3.28314960939635,-0.156304457441782,7.85122783089977,5.75680003661079,-1.55048298897808
-1.16985342109632,-2.54702682630637,-0.156304457441782,6.87122783089977,5.5020852586439,-3.48992558590389
-1.1854838668405,-1.9089040432164,-0.156304457441782,5.89122783089977,5.07345711853845,-4.99195744463011
-1.20111431258468,-1.36878126012642,-0.156304457441782,4.91122783089977,4.52463783659948,-5.86832100839726
-1.21674475832885,-0.926658477036441,-0.156304457441782,3.93122783089978,3.92441382140069,-6.00917702021282
-1.23237520407303,-0.582535693946464,-0.156304457441782,2.95122783089978,3.34801430723366,-5.39687125491941
-1.24800564981721,-0.336412910856486,-0.156304457441782,1.97122783089978,2.8676824783068,-4.10814721613179
-1.26363609556139,-0.188290127766508,-0.156304457441782,0.991227830899778,2.54362085031445,-2.30452746909232
-1.27926654130557,-0.13816734467653,-0.156304457441782,0.011227830899778,2.41644577235056,-0.212069167612881
-1.29489698704975,-0.186044561586552,-0.156304457441782,-0.968772169100222,2.50209676614702,1.90696887855956
-1.31052743279393,-0.331921778496575,-0.156304457441782,-1.94877216910022,2.78983874194272,3.78699648041076
-1.32615787853811,-0.575798995406597,-0.156304457441782,-2.92877216910022,3.24360748376785,5.19237988562422
-1.34178832428229,-0.917676212316619,-0.156304457441782,-3.90877216910022,3.80652976741041,5.94697499669784
-1.35741877002647,-1.35755342922664,-0.156304457441782,-4.88877216910022,4.40805158088126,5.9562044375788
-1.37304921577065,-1.89543064613666,-0.156304457441782,-5.86877216910022,4.97278103000234,5.21891143388323
-1.38867966151482,-2.53130786304668,-0.156304457441782,-6.84877216910022,5.42993760122716,3.82750479751582
-1.404310107259,-3.26518507995671,-0.156304457441782,-7.82877216910021,5.72222345586091,1.9563768440041
-1.41994055300318,-4.09706229686673,-0.156304457441782,-8.80877216910022,5.81300486969348,-0.159954114085254
-1.43557099874736,-5.02693951377675,-0.156304457441782,-9.78877216910023,5.69090373042726,-2.2562371813315
-1.43099602815817,-5.97497664017645,0.750843558363159,-7.1221733816484,5.53552175659556,3.41265821702957
-1.26134169504667,-6.3233356885139,2.12857867790852,-2.02111049600238,6.61730417456273,13.5120927091333
-1.04848382725581,-6.57444673811414,2.12857867790852,-3.00111049600238,7.78332322553295,9.56160749071919
-0.835625959464962,-6.92355778771438,2.12857867790852,-3.98111049600237,8.48950935575216,4.41271569096746
-0.62276809167411,-7.37066883731461,2.12857867790852,-4.96111049600237,8.64735254147099,-1.28924498662741
-0.409910223883257,-7.91577988691485,2.12857867790852,-5.94111049600237,8.23706946563796,-6.82961780579243
-0.191341601958287,-8.39079528910491,2.31481733736267,-0.824489071874173,7.64515606207502,0.600804255935929
0.047454294301592,-8.07345204992897,2.40808731556591,4.4359387771555,8.3687939762994,8.23412418215763
0.288263025858183,-7.67885817221342,2.40808731556591,3.4559387771555,8.9083264799029,2.44238339824927
0.529071757414774,-7.38226429449787,2.40808731556591,2.4759387771555,8.84702348496116,-3.65547414907923
0.769880488971365,-7.18367041678232,2.40808731556591,1.49593877715551,8.19256841842061,-9.29517188559931
1.0106425913865,-7.08274578285044,2.39358125897093,0.618412562923797,7.02765558990197,-13.5628865541937
1.18994543456401,-6.68788697458243,0.962141222779971,8.44792325694041,6.2843278332368,1.24078825374148
1.25705419655867,-5.73285959966692,0.622813679329022,9.3200895924295,6.58835785226261,2.06118036275472
1.31933556449158,-4.84985064042397,0.622813679329022,8.34008959242949,6.63512117232252,-1.13580712221212
1.38161693242448,-4.06484168118102,0.622813679329022,7.36008959242949,6.36596177698037,-4.19043792373547
1.44389830035738,-3.37783272193807,0.622813679329022,6.38008959242949,5.81461482961149,-6.71985908954808
1.50617966829028,-2.78882376269512,0.622813679329022,5.40008959242949,5.05018354440194,-8.4070449547625
1.56846103622318,-2.29781480345217,0.622813679329022,4.42008959242949,4.16847811687811,-9.04053163668333
1.63074240415608,-1.90480584420922,0.622813679329022,3.4400895924295,3.28000732793518,-8.54092091597817
1.69302377208898,-1.60979688496628,0.622813679329022,2.4600895924295,2.49612789681406,-6.97083163331012
1.72082178087925,-1.38339235028304,-0.68089431719238,2.5721410929688,2.00540123121424,-1.14701652396206
1.58106667787824,-1.11896614090074,-1.57250714245009,2.2894459355014,2.20477698375438,3.70968561067224
1.42381596363323,-0.939021547350597,-1.57250714245009,1.3094459355014,2.68764125429903,5.84544593379225
1.26656524938822,-0.857076953800457,-1.57250714245009,0.329445935501397,3.34934123977533,7.24856575841868
1.10931453514321,-0.873132360250318,-1.57250714245009,-0.650554064498603,4.10694259903982,7.74318469352258
0.952063820898198,-0.987187766700178,-1.57250714245009,-1.6305540644986,4.86549116712671,7.26730954521325
0.794813106653189,-1.19924317315004,-1.57250714245009,-2.6105540644986,5.52991406040423,5.88058424996712
0.63756239240818,-1.5092985795999,-1.57250714245009,-3.5905540644986,6.016935661369,3.75681438619801
0.480311678163172,-1.91735398604976,-1.57250714245009,-4.5705540644986,6.26551498999555,1.16218320652654
0.323060963918163,-2.42340939249962,-1.57250714245009,-5.5505540644986,6.24449629096993,-1.57811050996719
0.165810249673154,-3.02746479894948,-1.57250714245009,-6.5305540644986,5.95651394844607,-4.12061133196922
0.00855953542814481,-3.72952020539934,-1.57250714245009,-7.5105540644986,5.4376623048212,-6.1466542524503
-0.148691178816864,-4.5295756118492,-1.57250714245009,-8.4905540644986,4.75297176686673,-7.4023046508636
-0.294372205329377,-5.17962102197161,-1.19558990829709,-1.87741124833975,4.48226179979657,7.33146984054061
-0.395137298037602,-5.10559806055055,-0.959532266401544,1.01618925578768,5.79054048591719,13.8548371880649
-0.491090524677756,-5.05297913497178,-0.959532266401544,0.0361892557876782,7.04192630375604,10.9081383147794
-0.58704375131791,-5.09836020939301,-0.959532266401544,-0.943810744212322,7.92640237838975,6.59426506632831
-0.682996977958064,-5.24174128381425,-0.959532266401544,-1.92381074421232,8.33311266914328,1.4538978771741
-0.778950204598218,-5.48312235823548,-0.959532266401544,-2.90381074421232,8.21108203511687,-3.86869398349224
-0.874903431238372,-5.82250343265671,-0.959532266401544,-3.88381074421232,7.57560521781744,-8.70640206951795
-0.970856657878527,-6.25988450707794,-0.959532266401544,-4.86381074421232,6.5063298707367,-12.4528909697615
-1.01811828007205,-6.48387145025823,0.46163832519203,3.23211891148915,5.76406430704318,3.54364686695026
-0.918319107442101,-5.86823400002399,1.12743066939419,6.49023857843986,6.68867850007022,9.49674733266457
-0.805576040502682,-5.26821014218001,1.12743066939419,5.51023857843986,7.45711346870801,5.70938336889007
-0.692832973563262,-4.76618628433602,1.12743066939419,4.53023857843986,7.80660110198539,1.20643234392899
-0.580089906623843,-4.36216242649203,1.12743066939419,3.55023857843986,7.69333827577559,-3.44772719506998
-0.467346839684424,-4.05613856864805,1.12743066939419,2.57023857843987,7.13152081609421,-7.66976494221715
-0.354603772745005,-3.84811471080406,1.12743066939419,1.59023857843987,6.19156426153542,-10.9305106896892
-0.241860705805586,-3.73809085296007,1.12743066939419,0.610238578439865,4.99127831327453,-12.8212780144475
-0.129116740083136,-3.7260416594268,1.12796840653166,-0.354467151766628,3.68115182853967,-13.0744805669163
-0.0095254387393879,-3.49050323145876,1.25405975001852,6.24993867157489,3.06344831205988,3.22509111016699
0.115718231473521,-2.79598540145845,1.25181619479952,6.61649233782924,3.6781486349295,6.88730896222125
0.240899850953473,-2.18333616767553,1.25181619479952,5.63649233782924,4.37977657167985,6.99681467254033
0.366081470433425,-1.6686869338926,1.25181619479952,4.65649233782924,5.04815599976972,6.22937278169151
1.1697541885233,-0.930508957290716,0,0,1.91190440754317,0
1.1697541885233,-0.979508957290716,0,-0.98,2.04993585554502,2.73142728361864
1.1697541885233,-1.12650895729072,0,-1.96,2.4467299918081,5.1205104125829
1.1697541885233,-1.37150895729072,0,-2.94,3.05255451924193,6.86781302664013
1.1697541885233,-1.71450895729072,0,-3.92,3.79147826188401,7.75433649461711
1.1697541885233,-2.15550895729071,0,-4.9,4.57088801874325,7.66896816526645
1.1697541885233,-2.69450895729071,0,-5.88,5.29309626362443,6.62240770053721
1.1697541885233,-3.33150895729071,0,-6.85999999999999,5.86758483683233,4.74582603063824
1.1697541885233,-4.06650895729071,0,-7.83999999999999,6.22235006244598,2.27442501111321
1.1697541885233,-4.89950895729071,0,-8.82,6.31292734791546,-0.482041663382233
1.1697541885233,-5.83050895729071,0,-9.8,6.12796416542606,-3.17809151960292
1.13182099098321,-6.65265741900233,-1.15727387572661,-4.33149115611984,6.10911717363742,7.50709650751444
0.965362715838561,-6.82660839583921,-1.80770681834509,-1.3396830899945,7.33499435819328,12.2962449940817
0.784592034004052,-7.00957670483866,-1.80770681834509,-2.3196830899945,8.33700327622982,7.53195022559319
0.603821352169543,-7.29054501383811,-1.80770681834509,-3.2996830899945,8.80978363921836,1.82363650116644
0.423050670335034,-7.66951332283756,-1.80770681834509,-4.2796830899945,8.6940793964349,-4.11324318212948
0.242267067500795,-8.14606439041336,-1.81148692927888,-5.13597192688706,8.00522719781397,-9.28707741870778
0.0525943882295702,-8.28089054464583,-1.97398553617204,3.79546855230114,7.70085329051005,5.98137912867578
-0.145406454913918,-7.7542707455511,-1.98035762594282,5.12389922939852,8.44763549410709,5.56358723947242
-0.3434422175082,-7.29088082261125,-1.98035762594282,4.14389922939852,8.72077569392919,-0.15856827474619
-0.541477980102482,-6.9254908996714,-1.98035762594282,3.16389922939852,8.41658712213718,-5.86084959261951
-0.739513742696764,-6.65810097673155,-1.98035762594282,2.18389922939852,7.57319533312018,-10.8285597903424
-0.937156538996496,-6.48592785804138,-1.92046370309172,1.62482301658341,6.30192726440745,-13.5890942458487
-1.06303536761989,-5.9511871842924,-0.499603209632954,9.41907359143513,5.67944190731883,1.99304435800534
-1.09797994428135,-4.97581907630724,-0.332891952421426,9.35357874808995,5.94121640856009,1.69118074401374
-1.1312691395235,-4.08946120149824,-0.332891952421426,8.37357874808995,5.99231076616326,-0.680103018920588
-1.16455833476564,-3.30110332668925,-0.332891952421426,7.39357874808994,5.80804921912999,-2.96614589166719
-1.19784753000778,-2.61074545188025,-0.332891952421426,6.41357874808995,5.41152623676174,-4.88042609149383
-1.23113672524993,-2.01838757707126,-0.332891952421426,5.43357874808995,4.85244013100376,-6.18301680773953
-1.26442592049207,-1.52402970226226,-0.332891952421426,4.45357874808995,4.20086410548501,-6.71065749152217
-1.29771511573421,-1.12767182745327,-0.332891952421426,3.47357874808995,3.53846361217268,-6.39721615942993
-1.33100431097636,-0.829313952644274,-0.332891952421426,2.49357874808995,2.94826079054153,-5.28197806299734
-1.3642935062185,-0.628956077835278,-0.332891952421426,1.51357874808995,2.50422886595892,-3.5047218614045
-1.39758270146064,-0.526598203026283,-0.332891952421426,0.533578748089951,2.26202069609178,-1.28820042658534
-1.43087189670279,-0.522240328217288,-0.332891952421426,-0.446421251910048,2.2519935054019,1.08977794637092
-1.46416109194493,-0.615882453408293,-0.332891952421426,-1.42642125191005,2.47540405446059,3.33116871471119
-1.49745028718707,-0.807524578599298,-0.332891952421426,-2.40642125191005,2.90425112353242,5.15504657891687
-1.53073948242921,-1.0971667037903,-0.332891952421426,-3.38642125191005,3.48478505279284,6.33281532876092
-1.56402867767136,-1.48480882898131,-0.332891952421426,-4.36642125191005,4.14424447003189,6.7168590092421
-1.5973178729135,-1.97045095417231,-0.332891952421426,-5.34642125191004,4.79997585631467,6.25904340500089
-1.63060706815564,-2.55409307936332,-0.332891952421426,-6.32642125191004,5.36979294644442,5.01674895481868
-1.66389626339779,-3.23573520455432,-0.332891952421426,-7.30642125191004,5.78227756605568,3.14567895927987
-1.69718545863993,-4.01537732974533,-0.332891952421426,-8.28642125191004,5.98573084722023,0.880344466775068
-1.73047465388207,-4.89301945493633,-0.332891952421426,-9.26642125191005,5.95465291961217,-1.49532823022633
-1.75992700493578,-5.85622739830109,0.00588264578570324,-9.13894178636553,5.71894598638061,-1.37005880628151
-1.63422572030897,-6.38048065287725,2.29658769796987,-1.92651455229385,6.38722485768059,13.3596827279819
-1.39813242905249,-6.59678020361617,2.36462929139802,-2.6383588969989,7.60406632356303,10.2262986557887
-1.16166949991269,-6.90961609331606,2.36462929139802,-3.6183588969989,8.38656079919736,5.25804778267397
-0.925206570772885,-7.32045198301595,2.36462929139802,-4.5983588969989,8.63361541465373,-0.369221887600012
-0.688743641633083,-7.82928787271584,2.36462929139802,-5.5783588969989,8.31426551494795,-5.95021503574094
-0.446174051873693,-8.34116120012287,2.62535620150457,-2.27490634901618,7.65835514868075,-2.24158057620953
-0.16101444131596,-8.11027743607639,2.95102248040251,4.47087539396715,8.22042549900482,8.50330982686085
0.134087806724291,-7.71218989667968,2.95102248040251,3.49087539396715,8.79560977554564,2.87869078960797
0.429190054764543,-7.41210235728296,2.95102248040251,2.51087539396715,8.78408593122925,-3.10672971233277
0.724292302804794,-7.21001481788625,2.95102248040251,1.53087539396715,8.1872983101118,-8.70276743129488
1.01937303746165,-7.10577562802863,2.94224101547075,0.612539659417552,7.08035176972559,-13.0834758771928
1.25568885389329,-6.73502245040304,1.52254794980886,8.08297610489916,6.3340903637369,0.934083604666505
1.37495505401209,-5.80455662484199,1.13347022484219,9.115599449109,6.62955426061891,2.03383857800752
1.48830207649631,-4.94199667993109,1.13347022484219,8.135599449109,6.67105907795984,-1.21252291279326
1.60164909898053,-4.17743673502019,1.13347022484219,7.155599449109,6.39213689307471,-4.30691252642676
1.71499612146475,-3.51087679010929,1.13347022484219,6.175599449109,5.82774649112565,-6.86149412948743
1.82834314394896,-2.94231684519839,1.13347022484219,5.195599449109,5.04862589109777,-8.55608856708985
1.94169016643318,-2.47175690028749,1.13347022484219,4.215599449109,4.15242637764099,-9.17830340117642
2.0550371889174,-2.09919695537659,1.13347022484219,3.235599449109,3.25147335171045,-8.65015317241814
2.14519961626272,-1.80407942944941,-0.050391178533149,3.28796144884205,2.52053677131604,-3.9073192372735
1.99440011583145,-1.40683523975101,-2.11146313413896,3.95461312531656,2.60756229743949,3.4125172433182
1.78325380241755,-1.06037392721935,-2.11146313413896,2.97461312531657,3.03609152395987,5.06740844147464
1.57210748900365,-0.811912614687696,-2.11146313413896,1.99461312531657,3.59978335951989,6.08717467420162
1.36096117558976,-0.66145130215604,-2.11146313413896,1.01461312531657,4.22798734013881,6.3440032734003
1.14981486217586,-0.608989989624383,-2.11146313413896,0.0346131253165665,4.84196735522414,5.80570455927224
0.938668548761964,-0.654528677092726,-2.11146313413896,-0.945386874683433,5.36477005863385,4.53974634227686
0.727522235348069,-0.79806736456107,-2.11146313413896,-1.92538687468343,5.73086983648571,2.70479782740894
0.516375921934173,-1.03960605202941,-2.11146313413896,-2.90538687468343,5.89438147715335,0.530842767812708
0.305229608520277,-1.37914473949776,-2.11146313413896,-3.88538687468343,5.83481120629308,-1.70964560922162
0.094083295106381,-1.8166834269661,-2.11146313413896,-4.86538687468343,5.55962527941984,-3.73585510562341
-0.117063018307515,-2.35222211443444,-2.11146313413896,-5.84538687468343,5.10331419682076,-5.29383022300264
-0.328209331721411,-2.98576080190278,-2.11146313413896,-6.82538687468343,4.52306982765464,-6.18830174160931
-0.539355645135307,-3.71729948937113,-2.11146313413896,-7.80538687468342,3.89161725204121,-6.30716083918553
-0.712159926859779,-4.30209491056328,-0.999303260140284,-1.80160262179472,3.78069510824712,8.35629809193434
-0.774482337525258,-4.30740400996121,-0.543404000547877,-0.0722477376810522,5.06678494445596,13.5009008758938
-0.828822737580045,-4.36362878372932,-0.543404000547877,-1.05224773768105,6.32887565721054,11.4739078175278
-0.883163137634833,-4.51785355749742,-0.543404000547877,-2.03224773768105,7.31342701646535,8.00882951503449
-0.93750353768962,-4.77007833126553,-0.543404000547877,-3.01224773768105,7.89704001951589,3.53996246583438
-0.991843937744408,-5.12030310503363,-0.543404000547877,-3.99224773768105,8.0065673776378,-1.3725867069561
-1.0461843377992,-5.56852787880174,-0.543404000547877,-4.97224773768105,7.62828145069606,-6.11310236496025
-1.10052473785398,-6.11475265256984,-0.543404000547877,-5.95224773768105,6.8095948045113,-10.0874307354758
-1.13362635833048,-6.63689235182355,0.380231578376535,-1.59305635418819,5.90027171230817,-2.01251358350035
-1.00384122853995,-6.29977437159129,1.69440414016439,5.26619504850048,6.68365932783574,11.2736535535605
-0.834400814523509,-5.82215486674124,1.69440414016439,4.28619504850048,7.62637189809929,7.38115933553216
-0.66496040050707,-5.44253536189119,1.69440414016439,3.30619504850048,8.12892308338234,2.56354557729069
-0.495519986490632,-5.16091585704114,1.69440414016439,2.32619504850048,8.12832549914086,-2.57537083784825
-0.326079572474193,-4.9772963521911,1.69440414016439,1.34619504850048,7.62465404375808,-7.39150247384554
-0.156639158457754,-4.89167684734105,1.69440414016439,0.366195048500485,6.6810365111353,-11.2812182095796
0.0128012555586844,-4.904057342491,1.69440414016439,-0.613804951499515,5.4157414520946,-13.7569995036573
0.179464690139572,-4.90402899895304,1.55906906060311,3.12445433775249,4.20761313397777,-5.11530374368085
0.315729321631927,-4.2030610377213,1.27454814026297,8.24855871609971,4.56565498008454,6.89063461249502
0.443184135658224,-3.42720516611133,1.27454814026297,7.26855871609971,5.2119905851584,5.89933993160004
0.570638949684521,-2.74934929450135,1.27454814026297,6.28855871609971,5.72077192003188,4.16864993390344
0.698093763710818,-2.16949342289138,1.27454814026297,5.30855871609971,6.02823074272539,1.91548110396753
0.825548577737114,-1.68763755128141,1.27454814026297,4.32855871609971,6.09583162109995,-0.577765052243588
1.23629352827735,-0.856201785911706,0,0,1.90894667762852,0
1.23629352827735,-0.905201785911706,0,-0.98,2.04716347955749,2.73509514902894
1.23629352827735,-1.05220178591171,0,-1.96,2.44449044621885,5.12738643053074
1.23629352827735,-1.29720178591171,0,-2.94,3.05112849808447,6.87703538961347
1.23629352827735,-1.64020178591171,0,-3.92,3.79104449589393,7.76474931533505
1.23629352827735,-2.08120178591171,0,-4.9,4.57150087409461,7.67926635011463
1.23629352827735,-2.6202017859117,0,-5.88,5.2946789279311,6.63130052381806
1.23629352827735,-3.2572017859117,0,-6.85999999999999,5.86993894644853,4.75219890801465
1.23629352827735,-3.9922017859117,0,-7.83999999999999,6.22518056442585,2.27747919632862
1.23629352827735,-4.8252017859117,0,-8.82,6.31587948055133,-0.482688967432394
1.23629352827735,-5.7562017859117,0,-9.8,6.13066792240013,-3.1823591828958
1.2012730509838,-6.60582658382918,-1.14506886879916,-4.79134425056106,6.05664274391071,6.61289948577141
1.02698060277391,-6.7933920309818,-1.92908198726822,-1.27814587631054,7.26444871752199,12.5676009365272
0.834072404047083,-6.97020661861285,-1.92908198726822,-2.25814587631054,8.29744491264828,7.87378421427719
0.641164205320261,-7.2450212062439,-1.92908198726822,-3.23814587631053,8.80617061059576,2.19310468350615
0.448256006593439,-7.61783579387496,-1.92908198726822,-4.21814587631053,8.72686454266012,-3.76244819762199
0.255347948281503,-8.08865478925523,-1.92911841190332,-5.1969558986746,8.06945773568763,-9.24405257899638
0.0551668178730649,-8.29493128656194,-2.07991613802692,3.04871170167936,7.63636194814726,4.63670285380087
-0.153505945067426,-7.77639271715538,-2.08669758495343,5.27286621763606,8.38702384269393,6.11022635731231
-0.362175703562769,-7.29810609539178,-2.08669758495343,4.29286621763606,8.71747961375802,0.428978456689692
-0.570845462058111,-6.91781947362817,-2.08669758495343,3.31286621763606,8.47101972827951,-5.3060355711949
-0.779515220553454,-6.63553285186456,-2.08669758495343,2.33286621763607,7.67853430061544,-10.3760162397462
-0.988171320267402,-6.45115655387656,-2.07960928991871,1.39934952293824,6.43953112051042,-14.0514776188937
-1.13742186440434,-6.01147677438088,-0.649249878591887,8.65255943724271,5.61985100021556,0.404142533894996
-1.17151316588557,-5.03654668957235,-0.288666973291138,9.5238239717859,5.88318238320854,2.10779814211666
-1.20037986321468,-4.13316429239376,-0.288666973291138,8.5438239717859,5.97870136345335,-0.217626354665548
-1.22924656054379,-3.32778189521517,-0.288666973291138,7.56382397178589,5.84057017711745,-2.51577459521079
-1.25811325787291,-2.62039949803658,-0.288666973291138,6.5838239717859,5.48610153265155,-4.49860756734038
-1.28697995520202,-2.01101710085799,-0.288666973291138,5.6038239717859,4.95972285053552,-5.91760638070505
-1.31584665253113,-1.4996347036794,-0.288666973291138,4.6238239717859,4.32740794088216,-6.59492044705388
-1.34471334986025,-1.08625230650081,-0.288666973291138,3.6438239717859,3.66840815865259,-6.44565843033454
-1.37358004718936,-0.770869909322223,-0.288666973291138,2.6638239717859,3.06531941430671,-5.48852812455022
-1.40244674451847,-0.553487512143633,-0.288666973291138,1.6838239717859,2.59372999371353,-3.84349170749298
-1.43131344184759,-0.434105114965043,-0.288666973291138,0.703823971785901,2.31274668052667,-1.7167302497414
-1.4601801391767,-0.412722717786453,-0.288666973291138,-0.276176028214099,2.25758659196077,0.62519804387073
-1.48904683650581,-0.489340320607863,-0.288666973291138,-1.2561760282141,2.43516323217274,2.88876697673641
-1.51791353383492,-0.663957923429273,-0.288666973291138,-2.2361760282141,2.82321998641002,4.79027154326978
-1.54678023116404,-0.936575526250682,-0.288666973291138,-3.2161760282141,3.37311965964952,6.09138617015764
-1.57564692849315,-1.30719312907209,-0.288666973291138,-4.1961760282141,4.01594043219021,6.62903531456434
-1.60451362582226,-1.7758107318935,-0.288666973291138,-5.17617602821409,4.67111419399205,6.33583258004196
-1.63338032315138,-2.34242833471491,-0.288666973291138,-6.15617602821409,5.25652456986857,5.24852660819301
-1.66224702048049,-3.00704593753632,-0.288666973291138,-7.13617602821409,5.69879899689735,3.50339517804056
-1.6911137178096,-3.76966354035773,-0.288666973291138,-8.11617602821409,5.94250489382809,1.31916479486862
-1.71998041513872,-4.63028114317914,-0.288666973291138,-9.0961760282141,5.95709731818479,-1.03040345365674
-1.74876933808516,-5.58865204005449,-0.262581503672778,-9.99321946990062,5.74126464387803,-3.07691820905563
-1.67417219233782,-6.2924704724256,2.00572431764819,-3.03720990780751,6.05012137758732,11.3428469451587
-1.43752917875914,-6.50667788023503,2.42279548916268,-2.41272465116742,7.32093631858005,11.3901761325255
-1.19524962984287,-6.79695034535177,2.42279548916268,-3.39272465116742,8.23512006853788,6.70009585464283
-0.9529700809266,-7.18522281046851,2.42279548916268,-4.37272465116742,8.632844821993,1.17025730647104
-0.710690532010332,-7.67149527558525,2.42279548916268,-5.35272465116741,8.46426164271754,-4.5062557479246
-0.467347527691519,-8.23882633593823,2.50984159133781,-4.90023302248341,7.78442276560237,-6.75149325828919
-0.191867797877505,-8.23805582584631,2.92845217503151,4.32497282075543,7.96317275239053,9.09987053066119
0.101906821360372,-7.81044455014767,2.93837198319088,3.81767009875004,8.69950500419178,4.65068073253315
0.395744019679459,-7.47767754027266,2.93837198319088,2.83767009875005,8.86748556570372,-1.32660715670576
0.689581217998547,-7.24291053039766,2.93837198319088,1.85767009875005,8.43974943536244,-7.13762439013359
0.983418416317635,-7.10614352052265,2.93837198319088,0.877670098750046,7.46990703319735,-12.0540455994619
1.25349138978647,-6.92276355726914,2.04162163065876,5.19086624689636,6.37150206227513,-4.79483002987716
1.38420021953307,-6.06832722906601,1.02114971171148,9.49486847029774,6.53302408008419,3.0904912301914
1.48631519070421,-5.16784038203624,1.02114971171148,8.51486847029773,6.68402685453452,-0.102381606772364
1.58843016187536,-4.36535353500646,1.02114971171148,7.53486847029773,6.51297730708133,-3.28242241817789
1.69054513304651,-3.66086668797669,1.02114971171148,6.55486847029773,6.04131397759552,-6.05105995529306
1.79266010421766,-3.05437984094692,1.02114971171148,5.57486847029773,5.32815291312738,-8.06128630662192
1.8947750753888,-2.54589299391715,1.02114971171148,4.59486847029773,4.46287834264676,-9.06114922545733
1.99689004655995,-2.13540614688737,1.02114971171148,3.61486847029773,3.55393968127442,-8.92533063076883
2.09887535934828,-1.82280561738763,0.981192565827433,2.66978952639337,2.71560385041953,-7.56473081931007
2.06300536283873,-1.49667822380479,-1.92236968647918,3.97656353084836,2.40411722345392,1.90680906381884
1.84963434721162,-1.13287824868998,-2.15086825973552,3.16021088218832,2.74904015238746,4.44018252037704
1.63454752123806,-0.865857160471151,-2.15086825973552,2.18021088218832,3.26931400790799,5.85522642150964
1.41946069526451,-0.696836072252319,-2.15086825973552,1.20021088218832,3.89551947130327,6.53640398416483
1.20437386929096,-0.625814984033486,-2.15086825973552,0.220210882188324,4.54917091666045,6.39833963996782
0.989287043317408,-0.652793895814654,-2.15086825973552,-0.759789117811676,5.1483427687241,5.45833771970383
0.774200217343856,-0.777772807595822,-2.15086825973552,-1.73978911781168,5.61793766634549,3.8342136104689
0.559113391370303,-1.00075171937699,-2.15086825973552,-2.71978911781168,5.89909880993069,1.72952733326212
0.344026565396751,-1.32173063115816,-2.15086825973552,-3.69978911781167,5.95658679384542,-0.591929705623233
0.128939739423199,-1.74070954293932,-2.15086825973552,-4.67978911781167,5.78319634655897,-2.83919707965773
-0.0861470865503535,-2.25768845472049,-2.15086825973552,-5.65978911781167,5.40065940523617,-4.73061294340502
-0.301233912523906,-2.87266736650166,-2.15086825973552,-6.63978911781167,4.8569213377018,-6.02911619376258
-0.516320738497458,-3.58564627828282,-2.15086825973552,-7.61978911781167,4.22013169718969,-6.57195858545248
-0.718707732103033,-4.31763966587678,-1.53740040294821,-4.82734129915334,3.72973208909509,1.32210954923999
-0.798566318400027,-4.41584765530431,-0.467695346803409,0.43902545100796,4.75187375180172,13.9764076684287
-0.845335853080368,-4.42094511020352,-0.467695346803409,-0.54097454899204,6.08025237314053,12.3101354501148
-0.892105387760709,-4.52404256510272,-0.467695346803409,-1.52097454899204,7.16225290546361,9.10096917813482
-0.93887492244105,-4.72514002000193,-0.467695346803409,-2.50097454899204,7.86226252841335,4.75113054847089
-0.985644457121391,-5.02423747490113,-0.467695346803409,-3.48097454899204,8.09254535239725,-0.194192273924336
-1.03241399180173,-5.42133492980033,-0.467695346803409,-4.46097454899204,7.82423881931103,-5.11517595670721
-1.07918352648207,-5.91643238469954,-0.467695346803409,-5.44097454899204,7.09097119881579,-9.39504771998048
-1.12260513027265,-6.49036076787013,-0.17778603896214,-4.75577057119355,6.02353623559203,-9.12111429864529
-1.03517102781103,-6.39432665180451,1.73369552666907,5.6286214971311,6.25680107370541,11.6017915119958
-0.858250927553867,-5.85846203570808,1.77070492610399,4.87798128191553,7.30210035343525,8.65589007120077
-0.681180434943468,-5.41966390751652,1.77070492610399,3.89798128191554,7.94977183590605,4.16051940541283
-0.504109942333069,-5.07886577932497,1.77070492610399,2.91798128191554,8.11674851741682,-0.856311050663478
-0.32703944972267,-4.83606765113342,1.77070492610399,1.93798128191554,7.78210233182558,-5.76581553667274
-0.149968957112271,-4.69126952294186,1.77070492610399,0.957981281915537,6.98777624653106,-9.95266002085491
0.0271015354981283,-4.64447139475031,1.77070492610399,-0.0220187180844624,5.83332732966994,-12.8920852522305
0.204106322488235,-4.69405398542982,1.75784366633295,-0.692496808655239,4.4666894537793,-13.5962605229931
0.354136777728612,-4.36486856191766,1.16717577018857,7.72787013660812,4.00177705281761,5.30942942770731
0.464290836321351,-3.56350172853911,1.09516596598958,7.59731731752422,4.68159817635508,6.73183093449277
0.57380743292031,-2.85276999678668,1.09516596598958,6.61731731752423,5.30512066351623,5.60670755211949
0.683324029519268,-2.24003826503426,1.09516596598958,5.63731731752423,5.77941639769263,3.77886600894057
0.792840626118227,-1.72530653328184,1.09516596598958,4.65731731752423,6.04503939870846,1.47739930393879
1.17732042567764,-0.761605738276934,0,0,1.80223373060651,0
1.17732042567764,-0.810605738276934,0,-0.98,1.94713798013068,2.86742931695767
1.17732042567764,-0.957605738276934,0,-1.96,2.36368911657914,5.37546862875858
1.17732042567764,-1.20260573827693,0,-2.94,2.99967859406373,7.20977217079057
1.17732042567764,-1.54560573827693,0,-3.92,3.77539450469965,8.14043702776616
1.17732042567764,-1.98660573827693,0,-4.9,4.59361229147528,8.05081807587685
1.17732042567764,-2.52560573827693,0,-5.88,5.35178041359248,6.95214772996239
1.17732042567764,-3.16260573827693,0,-6.85999999999999,5.95487367071597,4.9821281258509
1.17732042567764,-3.89760573827693,0,-7.83999999999999,6.3273032113677,2.38767218706538
1.17732042567764,-4.73060573827693,0,-8.82,6.42239048144195,-0.506043271174364
1.17732042567764,-5.66160573827693,0,-9.8,6.22821769302151,-3.33633366333334
1.15677304875004,-6.58026785462636,-0.847031594754505,-6.15012964976904,5.99292424443522,3.61603064340553
0.997431298725814,-6.80167999588692,-1.90574687546841,-0.792138282430592,7.11563766687415,13.4863552047373
0.806856611178974,-6.92989382412997,-1.90574687546841,-1.77213828243059,8.24790757960212,8.91950213518911
0.616281923632133,-7.15610765237303,-1.90574687546841,-2.75213828243059,8.8621157697735,3.23472092737068
0.425707236085292,-7.48032148061609,-1.90574687546841,-3.73213828243059,8.88128029286704,-2.85548487578335
0.235132548538452,-7.90253530885915,-1.90574687546841,-4.71213828243059,8.30299915836345,-8.58779773340945
0.0424864581753578,-8.27486657711908,-1.97087438514562,0.0914181997378321,7.49454080693996,-1.74490211989758
-0.154253640803345,-7.81883789103542,-1.95675999843134,6.16039011748035,8.09109298141226,7.79878511150189
-0.349929640646479,-7.25179887928738,-1.95675999843134,5.18039011748035,8.60540768747357,2.3787015483819
-0.545605640489613,-6.78275986753935,-1.95675999843134,4.20039011748035,8.55685330124977,-3.33951719681029
-0.741281640332748,-6.41172085579131,-1.95675999843134,3.22039011748035,7.9515153994696,-8.63917667863748
-0.936957640175882,-6.13868184404328,-1.95675999843134,2.24039011748035,6.86526416674723,-12.8560426866662
-1.12641339553807,-5.92934301821556,-1.55391422807676,3.44810138787902,5.50386993931765,-11.0227989469337
-1.18728517840964,-5.16425228949181,0.0483646573002318,10.2750404699398,5.28441020923214,3.46422247333708
-1.182398173219,-4.18552841449868,0.0488700519064001,9.29723874993136,5.55069143753198,1.80055689534041
-1.17751116802837,-3.30480453950554,0.0488700519064001,8.31723874993135,5.6369672378677,-0.0932932361743305
-1.17262416283773,-2.52208066451241,0.0488700519064001,7.33723874993135,5.53242420783709,-1.97545043545632
-1.16773715764709,-1.83735678951927,0.0488700519064001,6.35723874993135,5.25016527551504,-3.61001403653377
-1.16285015245645,-1.25063291452614,0.0488700519064001,5.37723874993135,4.82556743817989,-4.79211558197471
-1.15796314726581,-0.761909039533,0.0488700519064001,4.39723874993135,4.31184777708209,-5.37359606470376
-1.15307614207517,-0.371185164539864,0.0488700519064001,3.41723874993136,3.77339348061566,-5.28157547599231
-1.14818913688453,-0.0784612895467288,0.0488700519064001,2.43723874993136,3.27769185918189,-4.5275872404569
-1.14330213169389,0.116262585446407,0.0488700519064001,1.45723874993136,2.88687180544807,-3.20613267126229
-1.13841512650325,0.212986460439543,0.0488700519064001,0.477238749931358,2.64991685330048,-1.48283662325405
-1.13352812131261,0.211710335432679,0.0488700519064001,-0.502761250068642,2.59652581378111,0.426311141629323
-1.12864111612197,0.112434210425814,0.0488700519064001,-1.48276125006864,2.73339046682148,2.28202708780055
-1.12375411093134,-0.0848419145810498,0.0488700519064001,-2.46276125006864,3.04335684525379,3.85172457067808
-1.1188671057407,-0.380118039587914,0.0488700519064001,-3.44276125006864,3.48757523177777,4.93866514476193
-1.11398010055006,-0.773394164594778,0.0488700519064001,-4.42276125006864,4.01036939846798,5.40661682826389
-1.10909309535942,-1.26467028960164,0.0488700519064001,-5.40276125006864,4.54621480139269,5.19692877426958
-1.10420609016878,-1.85394641460851,0.0488700519064001,-6.38276125006864,5.02795111650669,4.33588229000281
-1.09931908497814,-2.54122253961537,0.0488700519064001,-7.36276125006864,5.39519979647075,2.931396862296
-1.0944320797875,-3.32649866462223,0.0488700519064001,-8.34276125006864,5.60193163171025,1.15950404041651
-1.08954507459686,-4.2097747896291,0.0488700519064001,-9.32276125006864,5.62223583346344,-0.757715524307426
-1.08465806940622,-5.19105091463596,0.0488700519064001,-10.3027612500686,5.4535675692836,-2.57996661513987
-1.03965675495482,-6.05714980068042,1.22389809909073,-4.87331134590503,5.54857968476643,8.82603062181306
-0.872626502355636,-6.32369278981879,1.78471979333708,-2.44643684457858,6.86183797165845,13.1191203786258
-0.694154523021928,-6.61733647427665,1.78471979333708,-3.42643684457858,7.9740598056813,8.8900167213796
-0.515682543688219,-7.00898015873451,1.78471979333708,-4.40643684457858,8.60254269968011,3.54668048792864
-0.337210564354511,-7.49862384319236,1.78471979333708,-5.38643684457857,8.66851558538702,-2.24117987416311
-0.158738585020802,-8.08626752765022,1.78471979333708,-6.36643684457857,8.16370973388561,-7.74814136914902
0.0222609400626164,-8.46783441734333,1.82857738888424,1.14919202203107,7.75581424280877,4.51535267579508
0.202991132024527,-8.07934719617181,1.79948801616488,4.23841110330803,8.60553067346303,7.52383341993945
0.382939933641016,-7.70450608584101,1.79948801616488,3.25841110330804,9.06068840730257,1.48302893448874
0.562888735257504,-7.42766497551021,1.79948801616488,2.27841110330804,8.89591432048909,-4.74365137116946
0.742837536873993,-7.2488238651794,1.79948801616488,1.29841110330804,8.13186041638979,-10.3757848886262
0.921961186738308,-7.1614023225139,1.70348006573468,1.07734526180304,6.8775479090392,-13.1785877887675
1.02638029876771,-6.62493628018128,0.354298838126472,9.62483800172526,6.36940011960446,3.07788811006282
1.05165350880813,-5.64682217916635,0.243537655771044,9.34918754604482,6.65793002997689,1.43907647118494
1.07600727438523,-4.76090342456187,0.243537655771044,8.36918754604481,6.63942807503402,-1.80520133061772
1.10036103996234,-3.97298466995739,0.243537655771044,7.38918754604481,6.30446359790763,-4.82322375038589
1.12471480553944,-3.28306591535291,0.243537655771044,6.40918754604481,5.69501945915206,-7.23672615697878
1.14906857111655,-2.69114716074843,0.243537655771044,5.42918754604482,4.88748049966439,-8.74321159358397
1.17342233669365,-2.19722840614395,0.243537655771044,4.44918754604482,3.98305982662699,-9.15386431309632
1.19777610227076,-1.80130965153946,0.243537655771044,3.46918754604482,3.09511324218596,-8.41721504927732
1.22212986784786,-1.50339089693498,0.243537655771044,2.48918754604482,2.33493176427325,-6.62559193072999
1.2464845995262,-1.30347315412534,0.243525087808276,1.50919931699069,1.79779013978604,-4.00351412477143
1.23032877038209,-1.16120335942634,-0.6202723029607,1.37936106745131,1.66443561410146,1.5019332994976
1.16679992567615,-1.07085282000361,-0.635756963694162,0.41394626885816,1.9690621671118,4.48615695437099
1.10322422930673,-1.07845819311779,-0.635756963694162,-0.56605373114184,2.54271639436785,6.86556637007509
1.03964853293732,-1.18406356623198,-0.635756963694162,-1.54605373114184,3.31337053186619,8.38447822497994
0.976072836567899,-1.38766893934616,-0.635756963694162,-2.52605373114184,4.18443444125692,8.85251930358615
0.912497140198483,-1.68927431246034,-0.635756963694162,-3.50605373114184,5.04673309910989,8.21102755462358
0.848921443829066,-2.08887968557453,-0.635756963694162,-4.48605373114184,5.79219007709545,6.54040451462517
0.785345747459649,-2.58648505868871,-0.635756963694162,-5.46605373114184,6.32737332946085,4.05003816026711
0.721770051090233,-3.18209043180289,-0.635756963694162,-6.44605373114183,6.58520552297735,1.05205921142057
0.658194354720816,-3.87569580491708,-0.635756963694162,-7.42605373114183,6.53337119208537,-2.07777985444898
0.594618658351399,-4.66730117803126,-0.635756963694162,-8.40605373114183,6.17836700623639,-4.94719983754597
0.531042961981983,-5.55690655114545,-0.636127718775233,-9.38217409900966,5.56468750813122,-7.18876661732614
0.435122303511484,-6.15891810744201,-1.40874831815955,-0.738291627907604,5.53750419951952,10.5067868900301
0.279490268281329,-6.06254869397135,-1.58210787714126,0.868905918730368,6.90942730802846,13.0321892015312
0.121279480567203,-6.02465810209831,-1.58210787714126,-0.111094081269631,8.01015607593802,8.74951802788602
-0.0369313071469232,-6.08476751022528,-1.58210787714126,-1.09109408126963,8.62262176833055,3.37022371861873
-0.195142094861049,-6.24287691835224,-1.58210787714126,-2.07109408126963,8.67006083709926,-2.4314784638552
-0.353352882575175,-6.4989863264792,-1.58210787714126,-3.05109408126963,8.14652749412865,-7.92843065560004
-0.511563670289301,-6.85309573460616,-1.58210787714126,-4.03109408126963,7.11763892820764,-12.43167091266
-0.647275466237082,-7.0386275903007,-0.858081825248757,3.34709144676224,6.24472422003183,1.25013439589216
-0.695426088382314,-6.35718009531326,-0.373068012367043,7.43864698306657,7.01743004121313,8.31544202430988
-0.732732889619018,-5.6623153970066,-0.373068012367043,6.45864698306657,7.64961051854226,4.19442459764825
-0.770039690855722,-5.06545069869994,-0.373068012367043,5.47864698306657,7.83871699230928,-0.452302135462909
-0.807346492092426,-4.56658600039329,-0.373068012367043,4.49864698306657,7.56104775305785,-5.04233946180644
-0.84465329332913,-4.16572130208663,-0.373068012367043,3.51864698306657,6.85140454768112,-9.00039384982606
-0.881960094565834,-3.86285660377997,-0.373068012367043,2.53864698306657,5.79873069336144,-11.8303815152199
-0.919266895802538,-3.65799190547331,-0.373068012367043,1.55864698306657,4.53496334358759,-13.1776052120899
-0.952180710940358,-3.5346412245803,-0.0220904736421721,1.89107739042746,3.25259006609508,-10.1601175876379
-0.847981307488397,-3.00575095098374,1.7909405357782,7.50425745785808,3.10928892514411,4.87161276846353
-0.668829278599473,-2.30411970615574,1.79152028888924,6.52631244828,3.6496429050562,5.81688015694175
-0.489677249710548,-1.70048846132774,1.79152028888924,5.54631244828,4.24825987304473,6.028816911373
-0.310525220821624,-1.19485721649974,1.79152028888924,4.56631244828,4.83011201227389,5.48513031778741
1.02984906194933,-0.920500597048808,0,0,1.80905764424845,0
1.02984906194933,-0.969500597048808,0,-0.98,1.95353425527001,2.85896701731152
1.02984906194933,-1.11650059704881,0,-1.96,2.3688560743945,5.35960465401087
1.02984906194933,-1.36150059704881,0,-2.94,3.00296863254286,7.18849483637507
1.02984906194933,-1.70450059704881,0,-3.92,3.77639526600731,8.11641313396965
1.02984906194933,-2.14550059704881,0,-4.9,4.59219834493067,8.02705866372611
1.02984906194933,-2.68450059704881,0,-5.88,5.34812897655645,6.93163069160775
1.02984906194933,-3.32150059704881,0,-6.85999999999999,5.94944239700666,4.96742496967295
1.02984906194933,-4.05650059704881,0,-7.83999999999999,6.32077283109928,2.38062573699799
1.02984906194933,-4.88950059704881,0,-8.82,6.41557948153728,-0.50454984646489
1.02984906194933,-5.82050059704881,0,-9.8,6.22197973193911,-3.32648754262455
1.00449285305545,-6.69132555983051,-0.890923568408158,-5.11232010613156,6.08335871690196,5.66224748677455
0.860178512745463,-6.86989630145953,-1.63258030007506,-0.930758228214099,7.27532754132306,12.916776003765
0.696920482737957,-7.01197212428094,-1.63258030007506,-1.9107582282141,8.34182700023707,8.18758653467564
0.533662452730451,-7.25204794710235,-1.63258030007506,-2.8907582282141,8.87849332138939,2.43220376097671
0.370404422722945,-7.59012376992376,-1.63258030007506,-3.8707582282141,8.8180632907416,-3.62801990863177
0.207146392715439,-8.02619959274517,-1.63258030007506,-4.8507582282141,8.1681109220293,-9.23352475185573
0.0399113156887802,-8.28893242979389,-1.72744739011073,2.21714224586304,7.54982098504413,2.25250930336138
-0.133109110930472,-7.75977055755136,-1.728159405616,5.81756899161477,8.25790379300744,6.65033856452309
-0.305925051492071,-7.22701365838988,-1.728159405616,4.83756899161478,8.64932939530845,1.09536421020321
-0.478740992053671,-6.7922567592284,-1.728159405616,3.85756899161478,8.47238096656107,-4.59689790448663
-0.651556932615271,-6.45549986006692,-1.728159405616,2.87756899161478,7.74923638447026,-9.71300661519825
-0.824372873176871,-6.21674296090544,-1.728159405616,1.89756899161478,6.57053116481006,-13.6117330955149
-0.975363769805003,-5.93221912978743,-0.916873149028915,6.13138697071748,5.37370401048084,-5.32371078591565
-1.00634138492794,-5.01448739929558,-0.0930538808861764,9.91228296461103,5.48154362542835,2.75908292452111
-1.01564677301656,-4.07225910283448,-0.0930538808861764,8.93228296461102,5.66599458057497,0.890914077859387
-1.02495216110518,-3.22803080637337,-0.0930538808861764,7.95228296461102,5.65598855574553,-1.08891771827886
-1.0342575491938,-2.48180250991227,-0.0930538808861764,6.97228296461102,5.45277965868768,-2.93226972671918
-1.04356293728242,-1.83357421345117,-0.0930538808861764,5.99228296461102,5.08183712978645,-4.40810494025892
-1.05286832537103,-1.28334591699007,-0.0930538808861764,5.01228296461102,4.58965314814449,-5.33144916552958
-1.06217371345965,-0.831117620528964,-0.0930538808861764,4.03228296461103,4.0379157221261,-5.5865748120125
-1.07147910154827,-0.476889324067861,-0.0930538808861764,3.05228296461103,3.49577700665749,-5.14150563993324
-1.08078448963689,-0.220661027606758,-0.0930538808861764,2.07228296461103,3.03118609976105,-4.05202451065515
-1.09008987772551,-0.0624327311456556,-0.0930538808861764,1.09228296461103,2.70237262454222,-2.45468182712618
-1.09939526581413,-0.00220443468455282,-0.0930538808861764,0.112282964611028,2.550548504113,-0.549680953328446
-1.10870065390275,-0.03997613822345,-0.0930538808861764,-0.867717035388972,2.59474265440473,1.42421432683013
-1.11800604199136,-0.175747841762347,-0.0930538808861764,-1.84771703538897,2.82941599000458,3.21960533096188
-1.12731143007998,-0.409519545301245,-0.0930538808861764,-2.82771703538897,3.22515566687348,4.61146625691217
-1.1366168181686,-0.741291248840142,-0.0930538808861764,-3.80771703538897,3.73236154886798,5.42534785066133
-1.14592220625722,-1.17106295237904,-0.0930538808861764,-4.78771703538897,4.28746285380529,5.55924204930788
-1.15522759434584,-1.69883465591794,-0.0930538808861764,-5.76771703538897,4.82088581411321,4.99636718837235
-1.16453298243446,-2.32460635945683,-0.0930538808861764,-6.74771703538897,5.26577372322735,3.8072713361131
-1.17383837052307,-3.04837806299573,-0.0930538808861764,-7.72771703538896,5.56636643843448,2.14099013289629
-1.18314375861169,-3.87014976653462,-0.0930538808861764,-8.70771703538897,5.68498909297672,0.206367370140669
-1.19244914670031,-4.78992147007352,-0.0930538808861764,-9.68771703538897,5.6067740853533,-1.7541205010286
-1.19539257764533,-5.77815224279135,0.323280604517388,-8.70917421493832,5.4018852182726,0.50133349577731
-1.07411140488219,-6.24413424648533,1.80656649864972,-1.97699022605389,6.28525856918592,14.1774752959256
-0.89315930897895,-6.48911004766246,1.80957126115408,-2.93946382611474,7.54065432346947,10.6304686280986
-0.712202182863541,-6.83205643027393,1.80957126115408,-3.91946382611474,8.36669181607646,5.71552627019615
-0.531245056748133,-7.27300281288541,1.80957126115408,-4.89946382611474,8.65977973271304,0.0842269289743246
-0.350287930632725,-7.81194919549688,1.80957126115408,-5.87946382611474,8.3831838225223,-5.55762901640724
-0.167511715034625,-8.38084642360411,1.89636405005821,-3.32511903933135,7.70744422809951,-3.45646304381431
0.0294058342028365,-8.21357403479121,1.99493818977761,4.52310610721158,8.22894350522609,9.47093888586136
0.228899653180597,-7.81026342407005,1.99493818977761,3.54310610721158,8.89832701054899,3.77511769272011
0.428393472158358,-7.5049528133489,1.99493818977761,2.56310610721158,8.96812830343627,-2.39385886600945
0.627887291136119,-7.29764220262774,1.99493818977761,1.58310610721158,8.42959882055645,-8.26280049616187
0.827381110113879,-7.18833159190658,1.99493818977761,0.603106107211582,7.35023529582219,-13.0961218600047
0.994906924138481,-6.93079167191285,1.03502061794901,6.79922137810484,6.35907987417625,-1.95867397369938
1.05495897914473,-6.00822488360005,0.483225050033427,9.50403732434529,6.60790533183553,2.52970323752779
1.10328148414808,-5.10682115116552,0.483225050033427,8.52403732434528,6.69931308675255,-0.720886193371938
1.15160398915142,-4.30341741873099,0.483225050033427,7.54403732434528,6.46675261584447,-3.88112316421346
1.19992649415476,-3.59801368629646,0.483225050033427,6.56403732434528,5.93937194669819,-6.55491854581341
1.2482489991581,-2.99060995386193,0.483225050033427,5.58403732434528,5.18327047373637,-8.40715149310097
1.29657150416144,-2.48120622142741,0.483225050033427,4.60403732434528,4.29321437328391,-9.20567190408249
1.34489400916479,-2.06980248899288,0.483225050033427,3.62403732434528,3.38075906001677,-8.85039701373091
1.39321651416813,-1.75639875655835,0.483225050033427,2.64403732434529,2.56026735981963,-7.38585529357519
1.43638625608684,-1.53532113870926,0.10336684138809,2.07828929422225,1.9498895425763,-3.87343172791532
1.35978495156226,-1.28688924596151,-1.20630613490659,2.4375303187701,1.95307335275197,2.68588076554148
1.2391543380716,-1.0921362140845,-1.20630613490659,1.4575303187701,2.35147852741765,5.19793687041548
1.11852372458094,-0.995383182207491,-1.20630613490659,0.477530318770101,2.97085246051318,7.05850819499162
0.997893111090284,-0.996630150330481,-1.20630613490659,-0.502469681229899,3.73356575776543,8.03439954457094
0.877262497599624,-1.09587711845347,-1.20630613490659,-1.4824696812299,4.54402354811975,8.00329732103843
0.756631884108965,-1.29312408657646,-1.20630613490659,-2.4624696812299,5.30064689196366,6.96909972974514
0.636001270618305,-1.58837105469945,-1.20630613490659,-3.4424696812299,5.90860420415165,5.06142819691743
0.515370657127645,-1.98161802282244,-1.20630613490659,-4.4224696812299,6.291696995589,2.5193812342197
0.394740043636986,-2.47286499094543,-1.20630613490659,-5.40246968122989,6.40191023083738,-0.338433035884867
0.274109430146327,-3.06211195906842,-1.20630613490659,-6.38246968122989,6.22543030516909,-3.15382971268708
0.153478816655667,-3.74935892719141,-1.20630613490659,-7.36246968122989,5.78437637633239,-5.57394031565557
0.0328482031650082,-4.5346058953144,-1.20630613490659,-8.34246968122989,5.13402805412239,-7.29543964795044
-0.0867848778140188,-5.31263905401045,-1.15116494236003,-4.59005719879934,4.56578777804284,1.32001587115669
-0.191452916560056,-5.32794837561048,-0.994646010226031,1.46361205713596,5.63995158022254,14.2812022872882
-0.290917517582659,-5.23058716989688,-0.994646010226031,0.483612057135962,6.94251653736877,11.4945286382462
-0.390382118605262,-5.23122596418329,-0.994646010226031,-0.496387942864038,7.89063130043724,7.26718522912149
-0.489846719627865,-5.32986475846969,-0.994646010226031,-1.47638794286404,8.36546365705872,2.12900725429225
-0.589311320650468,-5.52650355275609,-0.994646010226031,-2.45638794286404,8.30750036934798,-3.27601040280653
-0.688775921673071,-5.8211423470425,-0.994646010226031,-3.43638794286404,7.7240062811675,-8.27042843721839
-0.788240522695674,-6.2137811413289,-0.994646010226031,-4.41638794286404,6.68811377702746,-12.2282701553392
-0.862660732002033,-6.51254960659371,-0.0777897948078405,1.59543897615403,5.71516885984509,-0.646180228991548
-0.807571847562334,-5.93060441222516,0.765926194041686,6.93467369934353,6.48997832980524,9.69108781626243
-0.730979228158165,-5.2861370422908,0.765926194041686,5.95467369934353,7.28989173199541,6.13795203751263
-0.654386608753996,-4.73966967235645,0.765926194041686,4.97467369934353,7.69181657903211,1.81551443114443
-0.577793989349827,-4.29120230242209,0.765926194041686,3.99467369934353,7.64537751485514,-2.73447115233234
-0.501201369945658,-3.94073493248774,0.765926194041686,3.01467369934354,7.15639499174904,-6.94173107705188
-0.42460875054149,-3.68826756255339,0.765926194041686,2.03467369934354,6.28615576243836,-10.2789473174378
-0.348016131137321,-3.53380019261903,0.765926194041686,1.05467369934354,5.14373148886238,-12.3278490011747
-0.271423511733152,-3.47733282268468,0.765926194041686,0.0746736993435364,3.87230821683427,-12.8316364986355
-0.187858839758737,-3.40949048043806,1.02865070622325,3.39017454462438,2.84971033763795,-3.17060454535955
-0.0696196325171834,-2.80955773811131,1.2286376254526,6.52067905539422,3.23074400160603,6.51947533162862
0.0532441300280761,-2.20648983257189,1.2286376254526,5.54067905539422,3.9243979982001,7.20685645189152
0.176107892573336,-1.70142192703246,1.2286376254526,4.56067905539422,4.64187847901646,6.99096432950578
1.11253442424147,-0.970981670691737,0,0,1.90182598517141,0
1.11253442424147,-1.01998167069174,0,-0.98,2.0404890240283,2.74392548253284
1.11253442424147,-1.16698167069174,0,-1.96,2.43909877225101,5.1439403453739
1.11253442424147,-1.41198167069174,0,-2.94,3.04769537254813,6.8992380965394
1.11253442424147,-1.75498167069174,0,-3.92,3.79000021047814,7.78981803225078
1.11253442424147,-2.19598167069174,0,-4.9,4.57297631458569,7.70405908281384
1.11253442424147,-2.73498167069174,0,-5.88,5.29848916960829,6.6527098686486
1.11253442424147,-3.37198167069174,0,-6.85999999999999,5.87560643167236,4.76754151912985
1.11253442424147,-4.10698167069174,0,-7.83999999999999,6.23199495745005,2.28483210354243
1.11253442424147,-4.93998167069173,0,-8.82,6.32298669763985,-0.484247342673054
1.11253442424147,-5.87098167069174,0,-9.8,6.13717717863605,-3.19263352122153
1.07489967825868,-6.68314357467662,-1.12319042179138,-4.1660145407699,6.13570142842856,7.78827837973235
0.916106959175717,-6.85034311838411,-1.71467935252749,-1.32975362387474,7.36696159395721,12.2099182456655
0.744639023922968,-7.03231848077159,-1.71467935252749,-2.30975362387474,8.35851562082676,7.41139096798633
0.573171088670219,-7.31229384315906,-1.71467935252749,-3.28975362387474,8.81814483729901,1.6839550605255
0.40170315341747,-7.69026920554653,-1.71467935252749,-4.26975362387473,8.68824149504615,-4.2545397958248
0.230210962072168,-8.16542631796313,-1.72036129209037,-5.05486349242901,7.98672411400298,-9.2699105311633
0.0496442034739645,-8.27387187742239,-1.87944873323903,4.04018285976277,7.72118768347472,6.32825116743108
-0.138838703329453,-7.74255152030114,-1.88518277665892,5.11336376996529,8.46164905494631,5.37274217176684
-0.327356980995344,-7.28021514330461,-1.88518277665892,4.13336376996529,8.71522690249286,-0.354831677718639
-0.515875258661236,-6.91587876630808,-1.88518277665892,3.15336376996529,8.39217143765486,-6.03793260579785
-0.704393536327128,-6.64954238931155,-1.88518277665892,2.17336376996529,7.53297290180705,-10.9642676678485
-0.892362951265321,-6.4771166334052,-1.81140418330336,1.73828417158125,6.25356864748548,-13.4171933454688
-1.00883451511265,-5.91970076181017,-0.456272387856859,9.55486105581275,5.6724836803911,2.2241976188705
-1.04267825829215,-4.94526814197333,-0.326935081372043,9.31999653654366,5.92808332954322,1.58601990628654
-1.07537176642936,-4.06226848831897,-0.326935081372043,8.33999653654366,5.96970522673109,-0.76238741340881
-1.10806527456656,-3.2772688346646,-0.326935081372043,7.35999653654366,5.77880449049325,-3.015240706763
-1.14075878270377,-2.59026918101024,-0.326935081372043,6.37999653654366,5.37930771465061,-4.89017801567754
-1.17345229084097,-2.00126952735587,-0.326935081372043,5.39999653654366,4.82128593233302,-6.15220358103759
-1.20614579897818,-1.5102698737015,-0.326935081372043,4.41999653654366,4.17467894991197,-6.64314109778128
-1.23883930711538,-1.11727022004714,-0.326935081372043,3.43999653654366,3.52052942303536,-6.30145878355915
-1.27153281525259,-0.822270566392772,-0.326935081372043,2.45999653654366,2.94082535413673,-5.16998148080411
-1.30422632338979,-0.625270912738406,-0.326935081372043,1.47999653654366,2.50822410465749,-3.3905231938776
-1.33691983152699,-0.526271259084039,-0.326935081372043,0.499996536543662,2.27694586560396,-1.18611279365595
-1.3696133396642,-0.525271605429673,-0.326935081372043,-0.480003463456337,2.2759779556942,1.16695936446791
-1.4023068478014,-0.622271951775307,-0.326935081372043,-1.46000346345634,2.5054416881679,3.37377036470644
-1.43500035593861,-0.81727229812094,-0.326935081372043,-2.44000346345634,2.93657716595996,5.15772897184073
-1.46769386407581,-1.11027264446657,-0.326935081372043,-3.42000346345634,3.51534791093879,6.29524226619355
-1.50038737221302,-1.50127299081221,-0.326935081372043,-4.40000346345633,4.16921354005864,6.64373972083043
-1.53308088035022,-1.99027333715784,-0.326935081372043,-5.38000346345633,4.81622163328495,6.1595423159263
-1.56577438848743,-2.57727368350347,-0.326935081372043,-6.36000346345633,5.375279261643,4.90333706016441
-1.59846789662463,-3.26227402984911,-0.326935081372043,-7.34000346345633,5.77631679072905,3.03257076859298
-1.63116140476184,-4.04527437619474,-0.326935081372043,-8.32000346345633,5.96907007670668,0.781716424786106
-1.66385491289904,-4.92627472254037,-0.326935081372043,-9.30000346345634,5.92938033595175,-1.56711455202003
-1.69164038974885,-5.88867610523202,0.0659962058721491,-8.93854720251748,5.69681159708961,-0.927900265350681
-1.5636075661903,-6.38684261169598,2.23076453342015,-1.83938115795891,6.41911821750527,13.507149431066
-1.33677092695928,-6.60431493773071,2.26996845743286,-2.65811054459109,7.62828980174572,10.115515164811
-1.109774081216,-6.91912599218982,2.26996845743286,-3.63811054459109,8.39842029978987,5.12416742193406
-0.882777235472711,-7.33193704664893,2.26996845743286,-4.61811054459109,8.63162452404054,-0.509419187992399
-0.655780389729425,-7.84274810110804,2.26996845743286,-5.59811054459109,8.29867376192594,-6.07915761038879
-0.422310657473482,-8.34608980352971,2.53473774879332,-2.01061905236522,7.65203657237652,-1.78152603477095
-0.147816142746296,-8.09866227787567,2.83313158529001,4.45497792299936,8.23972527440928,8.38538358912881
0.135497015782705,-7.70216448557574,2.83313158529001,3.47497792299936,8.80215483939212,2.7442211592166
0.418810174311706,-7.4036666932758,2.83313158529001,2.49497792299936,8.77705595622514,-3.24088894900762
0.702123332840707,-7.20316890097587,2.83313158529001,1.51497792299936,8.16757440001707,-8.81980139115552
0.985397361766054,-7.10038513557766,2.82053735616843,0.62657135019892,7.05067694174528,-13.1083885495637
1.20998572040615,-6.71805256293878,1.43450674054692,8.19790121955099,6.3235102378059,1.12525463133086
1.3235809716667,-5.78669134708747,1.08507750140784,9.0920165911767,6.6166555478375,1.9500713600006
1.43208872180749,-4.9264896879698,1.08507750140784,8.11201659117669,6.65076770042955,-1.27504501137308
1.54059647194827,-4.16428802885213,1.08507750140784,7.1320165911767,6.36699607591755,-4.34035328196418
1.64910422208905,-3.50008636973446,1.08507750140784,6.1520165911767,5.80090726525074,-6.86166223612116
1.75761197222984,-2.93388471061679,1.08507750140784,5.1720165911767,5.02345215791595,-8.52296295513124
1.86611972237062,-2.46568305149912,1.08507750140784,4.1920165911767,4.13207329359976,-9.11603587788442
1.9746274725114,-2.09548139238145,1.08507750140784,3.2120165911767,3.23849187593354,-8.56654805414803
2.06871481313107,-1.8100886241177,0.216628875780514,3.0152047734517,2.4937355034621,-4.61042418264026
1.94224320065081,-1.43374594481024,-1.98982189445893,3.86041633003168,2.52545713782643,3.23764166522661
1.74326101120492,-1.09670431180707,-1.98982189445893,2.88041633003168,2.9420109930539,5.00531008095668
1.54427882175902,-0.8576626788039,-1.98982189445893,1.90041633003169,3.50551906532503,6.14563664555035
1.34529663231313,-0.716621045800731,-1.98982189445893,0.920416330031685,4.14535392267894,6.51569823010982
1.14631444286724,-0.673579412797563,-1.98982189445893,-0.059583669968315,4.78132169553846,6.06911306893301
0.947332253421344,-0.728537779794394,-1.98982189445893,-1.03958366996831,5.33371319637675,4.86185403027828
0.748350063975451,-0.881496146791226,-1.98982189445893,-2.01958366996831,5.73329429162933,3.04523324223551
0.549367874529558,-1.13245451378806,-1.98982189445893,-2.99958366996831,5.92998337997632,0.846937347503302
0.350385685083665,-1.48141288078489,-1.98982189445893,-3.97958366996831,5.89912838297172,-1.4575096616748
0.151403495637773,-1.92837124778172,-1.98982189445893,-4.95958366996831,5.64459651975448,-3.57927931530183
-0.0475786938081201,-2.47332961477855,-1.98982189445893,-5.93958366996831,5.19828960812869,-5.25243905762945
-0.246560883254013,-3.11628798177538,-1.98982189445893,-6.91958366996831,4.61614564186283,-6.26728297375005
-0.445543072699905,-3.85724634877221,-1.98982189445893,-7.89958366996831,3.97112778757584,-6.49661533540117
-0.609490722310135,-4.42144445208721,-1.01517283634665,-1.4084861191003,3.89457963760953,8.98025629434531
-0.681996643785063,-4.40483362227443,-0.668392896575232,0.0747390338755477,5.19805334269316,13.4418072324597
-0.748835933442586,-4.44635971888688,-0.668392896575232,-0.905260966124452,6.4461323770727,11.2557321780794
-0.815675223100109,-4.58588581549933,-0.668392896575232,-1.88526096612445,7.4019756562306,7.65891698054251
-0.882514512757632,-4.82341191211177,-0.668392896575232,-2.86526096612445,7.94578231220695,3.10216941553888
-0.949353802415155,-5.15893800872422,-0.668392896575232,-3.84526096612445,8.0093941952231,-1.84338936632986
-1.01619309207268,-5.59246410533666,-0.668392896575232,-4.82526096612445,7.58483849325273,-6.55790645868022
-1.0830323817302,-6.12399020194911,-0.668392896575232,-5.80526096612445,6.72532700649971,-10.4504866258523
-1.12330918995382,-6.59978197360043,0.38365777902181,-0.668905716701699,5.84958987233065,-0.692396227034707
-0.999579941616882,-6.20857200257734,1.56460072422126,5.38286723975386,6.6882082401639,10.9634260797442
-0.843119869194757,-5.71928527860195,1.56460072422126,4.40286723975387,7.60026378278452,7.08473200018945
-0.686659796772631,-5.32799855462657,1.56460072422126,3.42286723975387,8.07543020790209,2.31807117820372
-0.530199724350506,-5.03471183065118,1.56460072422126,2.44286723975387,8.05415240706633,-2.73912570252035
-0.37373965192838,-4.83942510667579,1.56460072422126,1.46286723975387,7.53909723902914,-7.45301354521209
-0.217279579506254,-4.74213838270041,1.56460072422126,0.482867239753869,6.59481927830112,-11.2327759813872
-0.0608195070841283,-4.74285165872502,1.56460072422126,-0.497132760246131,5.33966985063321,-13.6046754952703
0.0948235593019146,-4.76044391125142,1.51325417348935,2.42745385722308,4.09284442829307,-6.49252972829137
0.233002833127784,-4.10528713987556,1.30912698758604,8.14187689339786,4.37035112241467,6.90312820471355
0.363915531886388,-3.34009945053578,1.30912698758604,7.16187689339786,5.03014910799073,6.15324587324465
0.494828230644992,-2.67291176119599,1.30912698758604,6.18187689339786,5.575183972576,4.63214485721506
0.625740929403596,-2.10372407185621,1.30912698758604,5.20187689339786,5.93714362854051,2.53047275122742
0.7566536281622,-1.63253638251642,1.30912698758604,4.22187689339786,6.0706617675199,0.111643179636208
1.16548618797641,-0.867514153503468,0,0,1.86468137341222,0
1.16548618797641,-0.916514153503468,0,-0.98,2.00567217709536,2.78998832146066
1.16548618797641,-1.06351415350347,0,-1.96,2.41097346878175,5.23029272523685
1.16548618797641,-1.30851415350347,0,-2.94,3.0297867048257,7.01505701917
1.16548618797641,-1.65151415350347,0,-3.92,3.78455276606611,7.92058730261938
1.16548618797641,-2.09251415350347,0,-4.9,4.58067285035731,7.83338870013805
1.16548618797641,-2.63151415350347,0,-5.88,5.31836503823487,6.76439027143791
1.16548618797641,-3.26851415350347,0,-6.85999999999999,5.90517048594908,4.84757521482435
1.16548618797641,-4.00351415350347,0,-7.83999999999999,6.26754177888395,2.32318804791212
1.16548618797641,-4.83651415350346,0,-8.82,6.36006101604799,-0.49237650197012
1.16548618797641,-5.76751415350346,0,-9.8,6.17113227460189,-3.24622891387333
1.13542757386043,-6.632428245259,-1.0310339770413,-5.0373931411933,6.0566904402563,5.9897104645276
0.971930281785925,-6.81926791003503,-1.83588275021246,-1.10846300834981,7.2531267831808,12.7891903242012
0.788342006764679,-6.97911421087001,-1.83588275021246,-2.08846300834981,8.30852658987301,8.09552739156249
0.604753731743433,-7.23696051170499,-1.83588275021246,-3.06846300834981,8.83826697446619,2.38720941114875
0.421165456722187,-7.59280681253997,-1.83588275021246,-4.04846300834981,8.77595278699614,-3.62031008654433
0.237577181700941,-8.04665311337495,-1.83588275021246,-5.02846300834981,8.12939419248759,-9.17407707042591
0.0486624636059058,-8.29515499199228,-1.9565144991486,2.48276631125352,7.58267913535939,3.21486688253926
-0.147492242957556,-7.77425166433822,-1.96041855909259,5.5564843553011,8.31404468426673,6.48908117383627
-0.343534098866815,-7.26760322880811,-1.96041855909259,4.5764843553011,8.68616461352648,0.874592412321791
-0.539575954776074,-6.858954793278,-1.96041855909259,3.5964843553011,8.48529376000638,-4.84951361840018
-0.735617810685333,-6.54830635774789,-1.96041855909259,2.6164843553011,7.73660832479175,-9.96580458841797
-0.931659666594592,-6.33565792221778,-1.96041855909259,1.6364843553011,6.53394499317821,-13.8330288277974
-1.09028240219587,-5.99453470562916,-0.823894759362782,7.34286951790959,5.48458987452482,-2.53917102282038
-1.12189666900559,-5.03992741286368,-0.182998909460063,9.74585526678796,5.69033135899336,2.52475044038913
-1.1401965599516,-4.11434188618488,-0.182998909460063,8.76585526678795,5.83875641129744,0.412350078106701
-1.1584964508976,-3.28675635950609,-0.182998909460063,7.78585526678795,5.77107133428463,-1.75173228928788
-1.17679634184361,-2.55717083282729,-0.182998909460063,6.80585526678795,5.49575945482631,-3.69626083097177
-1.19509623278962,-1.9255853061485,-0.182998909460063,5.82585526678795,5.04732705950942,-5.17751755242556
-1.21339612373562,-1.3919997794697,-0.182998909460063,4.84585526678795,4.48197854015751,-6.00984875416621
-1.23169601468163,-0.956414252790908,-0.182998909460063,3.86585526678795,3.87057200164847,-6.08893398683895
-1.24999590562763,-0.618828726112112,-0.182998909460063,2.88585526678795,3.28973824276435,-5.4048610820834
-1.26829579657364,-0.379243199433317,-0.182998909460063,1.90585526678795,2.81227621493753,-4.04336849675236
-1.28659568751964,-0.237657672754522,-0.182998909460063,0.925855266787953,2.49802874658907,-2.17509926094515
-1.30489557846565,-0.194072146075726,-0.182998909460063,-0.0541447332120468,2.38638212654115,-0.0342133890958621
-1.32319546941165,-0.248486619396931,-0.182998909460063,-1.03414473321205,2.49132961318231,2.1109606268211
-1.34149536035766,-0.400901092718136,-0.182998909460063,-2.01414473321205,2.79971758576156,3.99155683917246
-1.35979525130366,-0.65131556603934,-0.182998909460063,-2.99414473321205,3.27289415689026,5.37187022869608
-1.37809514224967,-0.999730039360545,-0.182998909460063,-3.97414473321204,3.85155361698301,6.07889885487864
-1.39639503319567,-1.44614451268175,-0.182998909460063,-4.95414473321204,4.46316953091489,6.02402709952073
-1.41469492414168,-1.99055898600295,-0.182998909460063,-5.93414473321204,5.0310848577805,5.21413232847312
-1.43299481508768,-2.63297345932416,-0.182998909460063,-6.91414473321204,5.48411978121115,3.75072291518388
-1.45129470603369,-3.37338793264536,-0.182998909460063,-7.89414473321204,5.76549305031885,1.81721566210125
-1.46959459697969,-4.21180240596657,-0.182998909460063,-8.87414473321204,5.83993867266119,-0.344052792344047
-1.4878944879257,-5.14821687928777,-0.182998909460063,-9.85414473321205,5.69812598664946,-2.46219929984569
-1.47440612858441,-6.06008846604484,1.00999271235213,-6.1450788222879,5.61014007807117,5.3451681259924
-1.2883299869793,-6.35986917392921,2.17479839271096,-2.10557999556418,6.77707445919427,13.0995614794987
-1.0708501477082,-6.61942717348562,2.17479839271096,-3.08557999556418,7.89269336211927,8.9767983209668
-0.853370308437109,-6.97698517304204,2.17479839271096,-4.06557999556418,8.5347714095539,3.72892579169526
-0.635890469166013,-7.43254317259846,2.17479839271096,-5.04557999556418,8.62283358111037,-1.98631262914054
-0.418410629894918,-7.98610117215488,2.17479839271096,-6.02557999556417,8.14584258143988,-7.4525960358388
-0.191748674975437,-8.3854762010971,2.42181107291759,0.612667307823051,7.66555871213769,3.11087113998876
0.0565873973691339,-8.01358903476975,2.49746712508995,4.3049605535745,8.45691368842609,7.49581027429406
0.306334109878129,-7.6320929794123,2.49746712508995,3.3249605535745,8.91864136851629,1.64106107948161
0.556080822387124,-7.34859692405485,2.49746712508995,2.3449605535745,8.77824073079431,-4.41937093586496
0.805827534896119,-7.1631008686974,2.49746712508995,1.3649605535745,8.05330892599832,-9.92589993637961
1.05488398754489,-7.07084149584106,2.40872960224289,0.991331097998972,6.84432822580559,-12.9634220611657
1.22170658151161,-6.56500934835814,0.853311264875092,9.28718279390432,6.31874797949967,2.90767553428821
1.29257292024444,-5.60899767842737,0.693785709874904,9.14775596331065,6.61785929312007,1.61420764587943
1.36195149123193,-4.74322208209631,0.693785709874904,8.16775596331065,6.61901420695066,-1.59135370039931
1.43133006221942,-3.97544648576524,0.693785709874904,7.18775596331065,6.30626517610583,-4.59746231343607
1.50070863320691,-3.30567088943418,0.693785709874904,6.20775596331065,5.71881068235581,-7.02734678218015
1.5700872041944,-2.73389529310311,0.693785709874904,5.22775596331065,4.93027948867645,-8.57645689976459
1.63946577518189,-2.26011969677205,0.693785709874904,4.24775596331065,4.03950235893975,-9.05063454351957
1.70884434616938,-1.88434410044098,0.693785709874904,3.26775596331065,3.15812507821568,-8.39044853417362
1.77822291715687,-1.60656850410992,0.693785709874904,2.28775596331065,2.39661529903281,-6.67864345828572
1.75953242602365,-1.35299644775518,-1.42446742922535,3.0447119393304,2.07853742015579,1.26929895145473
1.59238112943929,-1.07876432004418,-1.69674735084606,2.27135108122807,2.39134663361554,4.36265176975371
1.42270639435469,-0.900629211921374,-1.69674735084606,1.29135108122807,2.92644586208237,6.22612820271495
1.25303165927008,-0.820494103798567,-1.69674735084606,0.311351081228069,3.61045016736217,7.3092512252161
1.08335692418548,-0.83835899567576,-1.69674735084606,-0.668648918771931,4.35762969054241,7.47626732930885
0.91368218910087,-0.954223887552953,-1.69674735084606,-1.64864891877193,5.07433649021505,6.70624350780681
0.744007454016263,-1.16808877943015,-1.69674735084606,-2.62864891877193,5.67074193176164,5.0956908982506
0.574332718931657,-1.47995367130734,-1.69674735084606,-3.60864891877193,6.07209538282227,2.84646853416761
0.404657983847051,-1.88981856318453,-1.69674735084606,-4.58864891877193,6.22809310339743,0.240483290191037
0.234983248762445,-2.39768345506172,-1.69674735084606,-5.56864891877193,6.11918307828849,-2.39564298997481
0.0653085136778386,-3.00354834693892,-1.69674735084606,-6.54864891877193,5.75901557404371,-4.73151072795566
-0.104366221406768,-3.70741323881611,-1.69674735084606,-7.52864891877192,5.19273227922831,-6.47435332848013
-0.27404126867888,-4.5092832924108,-1.69667378358042,-8.50746065943304,4.49129811674839,-7.40335009025769
-0.417194773676072,-5.03712219277993,-1.01763606114644,-0.362588721794769,4.48304768108491,10.6337749848757
-0.50348970907001,-4.94109496285363,-0.837416004477966,0.764285155339734,5.85904222731445,13.540331433244
-0.587231309517807,-4.91366644731966,-0.837416004477966,-0.215714844660266,7.07534439200797,10.5283932390515
-0.670972909965603,-4.98423793178569,-0.837416004477966,-1.19571484466027,7.92054834864528,6.19687611830885
-0.7547145104134,-5.15280941625171,-0.837416004477966,-2.17571484466027,8.28872023775546,1.0886719048372
-0.838456110861196,-5.41938090071774,-0.837416004477966,-3.15571484466026,8.13371513911136,-4.15598128716188
-0.922197711308993,-5.78395238518377,-0.837416004477966,-4.13571484466026,7.47496065738688,-8.87974347500448
-1.00593931175679,-6.24652386964979,-0.837416004477966,-5.11571484466026,6.39502195824644,-12.4905606865689
-1.03057918382263,-6.43955685178272,0.744917436412333,3.75504023856456,5.76892898406756,5.17604082642593
-0.910282026616963,-5.82612193649094,1.29826681404473,6.24233263604598,6.74425981556581,9.51397335532235
-0.780455345212489,-5.25088867288635,1.29826681404473,5.26233263604598,7.51089810067212,5.65660377863241
-0.650628663808016,-4.77365540928175,1.29826681404473,4.28233263604598,7.85184793947141,1.09026228453756
-0.520801982403542,-4.39442214567715,1.29826681404473,3.30233263604598,7.72437629454608,-3.61272751874727
-0.390975300999069,-4.11318888207255,1.29826681404473,2.32233263604599,7.14445985793022,-7.86291517135749
-0.261148619594596,-3.92995561846795,1.29826681404473,1.34233263604599,6.18478260823672,-11.1276022896895
-0.131321938190122,-3.84472235486335,1.29826681404473,0.362332636045986,4.96562594513532,-12.997608457955
-0.00149054671313767,-3.85596104699145,1.29889342989789,-0.329379353676072,3.64284879462033,-12.6621328892395
0.123371658092382,-3.5362351331595,1.1541164865883,7.02554152140952,3.22882438584648,5.07532212506413
0.236590302514975,-2.82487550676191,1.13022552825759,6.67300275145966,3.89482345602057,7.04428649810292
0.349612855340734,-2.20657523161594,1.13022552825759,5.69300275145966,4.59824134411576,6.87525748480602
0.462635408166493,-1.68627495646998,1.13022552825759,4.71300275145966,5.24102938402763,5.84451627233472
1.08755450336028,-1.04692832269879,0,0,1.94257137870092,0
1.08755450336028,-1.09592832269879,0,-0.98,2.07868100026797,2.69339733294904
1.08755450336028,-1.24292832269879,0,-1.96,2.46995052984701,5.04921700508068
1.08755450336028,-1.48792832269879,0,-2.94,3.06734009837458,6.77219174022422
1.08755450336028,-1.83092832269879,0,-3.92,3.79597572767394,7.6463720482874
1.08755450336028,-2.27192832269879,0,-4.9,4.5645336801368,7.56219231120622
1.08755450336028,-2.81092832269879,0,-5.88,5.27668654331672,6.5302032184059
1.08755450336028,-3.44792832269879,0,-6.85999999999999,5.84317645141998,4.6797493933746
1.08755450336028,-4.18292832269879,0,-7.83999999999999,6.19300224331329,2.24275795137009
1.08755450336028,-5.01592832269879,0,-8.82,6.28231841166688,-0.475330146370936
1.08755450336028,-5.94692832269879,0,-9.8,6.0999304911103,-3.13384261558163
1.04227576639429,-6.70799942678021,-1.20297600516706,-3.49502631644862,6.20867862100437,9.1926912538903
0.886040470436669,-6.86853326207196,-1.64391145211088,-1.54491844928753,7.4516008899671,11.693984965079
0.721649325225581,-7.07202510700071,-1.64391145211088,-2.52491844928753,8.38733975963093,6.82282925522496
0.557258180014493,-7.37351695192946,-1.64391145211088,-3.50491844928753,8.78754113790495,1.09653245214792
0.392867034803404,-7.77300879685821,-1.64391145211088,-4.48491844928753,8.60204568014061,-4.76719853320759
0.228188447237088,-8.26116358526217,-1.67274616917341,-4.49506700057555,7.87277564484196,-8.09457453528123
0.0504929402207438,-8.23799441204553,-1.84851976539884,4.86094536980992,7.87815874016968,8.00457445518766
-0.134675043817403,-7.7268651117001,-1.85190758974695,4.69257436870552,8.57141349905501,4.37375842703408
-0.319865802792098,-7.30660767482955,-1.85190758974695,3.71257436870552,8.72030994355205,-1.42732979120215
-0.505056561766793,-6.984350237959,-1.85190758974695,2.73257436870552,8.29193599138209,-7.04952325582786
-0.690247320741488,-6.76009280108845,-1.85190758974695,1.75257436870552,7.3399820041383,-11.7881628751196
-0.869411570959055,-6.58529467383257,-1.50916453064583,3.47829276004759,6.08141765715913,-9.6109452685231
-0.955479620983053,-5.82600786055454,-0.448249724977316,9.88737552687091,5.93658172514381,3.06645137320807
-1.00030459348078,-4.88627030786745,-0.448249724977316,8.9073755268709,6.12260857370982,0.614730104534452
-1.04512956597852,-4.04453275518036,-0.448249724977316,7.9273755268709,6.05694860777216,-1.91403852291292
-1.08995453847625,-3.30079520249327,-0.448249724977316,6.9473755268709,5.74783133637477,-4.20291063030639
-1.13477951097398,-2.65505764980618,-0.448249724977316,5.9673755268709,5.2340000537658,-5.96500983205029
-1.17960448347171,-2.10732009711909,-0.448249724977316,4.9873755268709,4.57985593845192,-6.97948296277351
-1.22442945596945,-1.657582544432,-0.448249724977316,4.0073755268709,3.86738631460856,-7.11918076670569
-1.26925442846718,-1.30584499174491,-0.448249724977316,3.0273755268709,3.18588874931152,-6.36659418297968
-1.31407940096491,-1.05210743905782,-0.448249724977316,2.0473755268709,2.62077891855851,-4.81604884836407
-1.35890437346264,-0.89636988637073,-0.448249724977316,1.0673755268709,2.24288501112668,-2.66188276885045
-1.40372934596038,-0.83863233368364,-0.448249724977316,0.0873755268709038,2.09957045896508,-0.174088914726533
-1.44855431845811,-0.878894780996549,-0.448249724977316,-0.892624473129096,2.20879762903454,2.33552441913419
-1.49337929095584,-1.01715722830946,-0.448249724977316,-1.8726244731291,2.55687650534013,4.55241418764741
-1.53820426345357,-1.25341967562237,-0.448249724977316,-2.8526244731291,3.10018053066906,6.19872593053174
-1.5830292359513,-1.58768212293528,-0.448249724977316,-3.83262447312909,3.77061455257979,7.06811873392589
-1.62785420844904,-2.01994457024819,-0.448249724977316,-4.81262447312909,4.48414954718342,7.05162702291777
-1.67267918094677,-2.5502070175611,-0.448249724977316,-5.79262447312909,5.15135441888078,6.1513177904398
-1.7175041534445,-3.17846946487401,-0.448249724977316,-6.77262447312909,5.68860487017343,4.48003153016662
-1.76232912594223,-3.90473191218691,-0.448249724977316,-7.75262447312909,6.02856447491224,2.24723934365853
-1.80715409843997,-4.72899435949982,-0.448249724977316,-8.73262447312909,6.12862430692062,-0.267211175065628
-1.8519790709377,-5.65125680681273,-0.448249724977316,-9.7126244731291,5.97624334092706,-2.74817071108735
-1.81790950784209,-6.41356651784405,1.60539123300889,-3.8366158717893,6.12643725218089,9.25230846799989
-1.59938795729074,-6.63661343612488,2.31188439089383,-2.25514899136426,7.33461550654363,11.2628722993576
-1.36819951820135,-6.91112833526131,2.31188439089383,-3.23514899136426,8.23547868644156,6.56380636161939
-1.13701107911197,-7.28364323439773,2.31188439089383,-4.21514899136426,8.61983792236795,1.04206403292802
-0.905822640022587,-7.75415813353416,2.31188439089383,-5.19514899136426,8.43951944873806,-4.61028566444249
-0.671836737682174,-8.2911289257653,2.49375388441282,-4.06449905110395,7.78038070900688,-5.45674251490082
-0.385281199044139,-8.21715277258214,3.11722235695631,4.3723293220399,8.06653819148861,8.76002460306671
-0.0728493632683464,-7.81332523179048,3.12460728916636,3.5547273014772,8.70711493276299,3.6164655907353
0.23961136564829,-7.50685250164276,3.12460728916636,2.5747273014772,8.77336664076693,-2.30544751819456
0.552072094564926,-7.29837977149503,3.12460728916636,1.5947273014772,8.25569807704783,-7.93840675800747
0.864533330554208,-7.18791127465982,3.12451401680458,0.615487123587956,7.21898283960246,-12.5748726600982
1.13386442470597,-6.86848339663435,1.98039438294706,7.40773830754209,6.4086533696727,-0.136389129644987
1.29552707139315,-5.96589080789504,1.53781116198862,8.98013345051304,6.67289529075676,1.98150307698054
1.44930818759201,-5.11687746284373,1.53781116198862,8.00013345051303,6.7065602667271,-1.31532565692677
1.60308930379088,-4.36586411779243,1.53781116198862,7.02013345051304,6.41534868967075,-4.44729770478083
1.75687041998974,-3.71285077274112,1.53781116198862,6.04013345051304,5.83575963893947,-7.02186652893129
1.9106515361886,-3.15783742768982,1.53781116198862,5.06013345051304,5.0404360601477,-8.71634787089805
2.06443265238746,-2.70082408263852,1.53781116198862,4.08013345051304,4.12906004253626,-9.3183634674949
2.2182143217867,-2.34181132292287,1.53682108667803,3.10117751167774,3.21585752741263,-8.74958182114374
2.250634980413,-1.96326448450197,-1.43346803371218,4.92124402758556,2.75071629158505,0.960998650896076
2.05830945212638,-1.47828491382027,-1.98847110521537,4.41486116753167,3.05695911201111,3.97922289440321
1.85946234160484,-1.0857987970671,-1.98847110521537,3.43486116753167,3.51280744551275,5.04130535064893
1.6606152310833,-0.791312680313936,-1.98847110521537,2.45486116753168,4.04406907305693,5.47153447920333
1.46176812056177,-0.594826563560768,-1.98847110521537,1.47486116753168,4.58415817928669,5.21598739946352
1.26292101004023,-0.496340446807601,-1.98847110521537,0.494861167531676,5.06538255449065,4.30669317166694
1.0640738995187,-0.495854330054433,-1.98847110521537,-0.485138832468324,5.42742781545248,2.85761842622929
0.865226788997159,-0.593368213301265,-1.98847110521537,-1.46513883246832,5.6249169244823,1.05038332624458
0.666379678475622,-0.788882096548098,-1.98847110521537,-2.44513883246832,5.63309753233084,-0.888501843267932
0.467532567954085,-1.08239597979493,-1.98847110521537,-3.42513883246832,5.45094432037089,-2.71602640131559
0.268685457432548,-1.47390986304176,-1.98847110521537,-4.40513883246832,5.10128750917651,-4.20313707833957
0.0698383469110106,-1.96342374628859,-1.98847110521537,-5.38513883246832,4.62795142684148,-5.1634464677994
-0.129008763610526,-2.55093762953543,-1.98847110521537,-6.36513883246832,4.09026177532964,-5.47659394063497
-0.327855874132063,-3.23645151278226,-1.98847110521537,-7.34513883246832,3.55561002806657,-5.10333107625031
-0.510348055108078,-3.88465336079251,-1.39198692732575,-3.51823493109221,3.36252566374216,5.52837241267099
-0.611865901177969,-4.00818883537525,-0.902805741940514,-0.91576929967927,4.50274030375226,13.0632327471009
-0.70214647537202,-4.14876576534317,-0.902805741940514,-1.89576929967927,5.7573296769641,11.7631361248437
-0.792427049566072,-4.3873426953111,-0.902805741940514,-2.87576929967927,6.806014561939,8.98870375274014
-0.882707623760123,-4.72391962527903,-0.902805741940514,-3.85576929967927,7.5173577637129,5.08766983946948
-0.972988197954175,-5.15849655524695,-0.902805741940514,-4.83576929967927,7.8022028956198,0.548971493202893
-1.06326877214823,-5.69107348521488,-0.902805741940514,-5.81576929967926,7.6248488183877,-4.05853233902501
-1.15354934634228,-6.32165041518281,-0.902805741940514,-6.79576929967926,7.007524251781,-8.15735895656371
-1.22414179240663,-6.93993850216474,-0.0240218691567676,-2.8348983070107,6.25107490719002,-1.24298713001807
-1.13264938313798,-6.73443331938351,1.34434031389415,4.04648865040553,7.07425775042964,11.6329145861425
-0.998215351748564,-6.37878445434295,1.34434031389415,3.06648865040553,8.02766489513854,7.23352726764088
-0.86378132035915,-6.1211355893024,1.34434031389415,2.08648865040554,8.49061449188574,1.92752391286208
-0.729347288969735,-5.96148672426185,1.34434031389415,1.10648865040554,8.40508263161046,-3.62006615676859
-0.594913257580321,-5.89983785922129,1.34434031389415,0.126488650405536,7.78178947244394,-8.71393428559535
-0.460479226190906,-5.93618899418074,1.34434031389415,-0.853511349594464,6.6988556258934,-12.7156391763662
-0.32315930831957,-6.02210895573429,1.51121500273591,1.05947064579476,5.38889659431119,-9.34318130502665
-0.146798405946577,-5.42144442579826,1.89766376971822,8.82943251902657,5.4705173851968,6.69381580358622
0.0429679710252459,-4.58750117389561,1.89766376971822,7.84943251902656,6.04087840875602,4.59274015135604
0.232734347997068,-3.85155792199295,1.89766376971822,6.86943251902657,6.36979628945705,1.91603220831427
0.422500724968891,-3.2136146700903,1.89766376971822,5.88943251902657,6.41604601849838,-1.00082213380844
0.612267101940713,-2.67367141818764,1.89766376971822,4.90943251902657,6.17383087397172,-3.79223817139799
0.802033478912536,-2.23172816628498,1.89766376971822,3.92943251902657,5.67350895451296,-6.1083530436253
0.991799855884358,-1.88778491438232,1.89766376971822,2.94943251902657,4.9777882390587,-7.65887588582616
1.10403964749245,-0.996994266147233,0,0,1.91550239958978,0
1.10403964749245,-1.04599426614723,0,-0.98,2.05330836995343,2.72696543248445
1.10403964749245,-1.19299426614723,0,-1.96,2.44945433360085,5.11214593759613
1.10403964749245,-1.43799426614723,0,-2.94,3.05428923232625,6.85659429146601
1.10403964749245,-1.78099426614723,0,-3.92,3.79200592554075,7.74166960236964
1.10403964749245,-2.22199426614723,0,-4.9,4.57014249810967,7.65644072420607
1.10403964749245,-2.76099426614723,0,-5.88,5.29117099872459,6.61158984077323
1.10403964749245,-3.39799426614723,0,-6.85999999999999,5.86472113124717,4.73807361146001
1.10403964749245,-4.13299426614723,0,-7.83999999999999,6.21890683946574,2.27070968401066
1.10403964749245,-4.96599426614723,0,-8.82,6.30933616479499,-0.481254236912787
1.10403964749245,-5.89699426614723,0,-9.8,6.12467512404318,-3.1729000318645
1.06386400097188,-6.69240699280856,-1.15212759327884,-3.93048078786374,6.15943533360027,8.28165119116029
0.905817706061602,-6.85653576537853,-1.6904446207812,-1.40240202425405,7.39637422528337,12.0360725306197
0.736773243983482,-7.04577596780393,-1.6904446207812,-2.38240202425405,8.3690651509562,7.211965301676
0.567728781905363,-7.33301617022934,-1.6904446207812,-3.36240202425404,8.80850903810765,1.48394451111656
0.398684319827243,-7.71825637265474,-1.6904446207812,-4.34240202425404,8.65962807195186,-4.43006685369041
0.229567917062516,-8.1991026749812,-1.70206381375593,-4.92669973102288,7.94587124073461,-8.99736429954305
0.0500613000972976,-8.26313732785598,-1.86903389948736,4.37774833054967,7.77179100838298,7.01848155949214
-0.137322042878139,-7.73645092700665,-1.87420396572837,4.97006511803712,8.50096412107971,5.03452703212874
-0.324742439450977,-7.28844441520293,-1.87420396572837,3.99006511803713,8.71896617389389,-0.720606083815398
-0.512162836023815,-6.93843790339922,-1.87420396572837,3.01006511803713,8.35986625176231,-6.38542184727847
-0.699583232596652,-6.68643139159551,-1.87420396572837,2.03006511803713,7.46867223756416,-11.2499190895393
-0.885380763519218,-6.52000871239694,-1.72485510654008,2.17823494979145,6.18210875273405,-12.4309743488357
-0.99019081300404,-5.88898710197424,-0.420072244023589,9.8670012264074,5.76027395460984,2.92891292581929
-1.02749948101282,-4.92365618959832,-0.370336133516218,9.17938595967764,5.99888314059388,1.26433178903295
-1.06453309436444,-4.05471759363056,-0.370336133516218,8.19938595967763,6.00457420083531,-1.15171457409781
-1.10156670771606,-3.2837789976628,-0.370336133516218,7.21938595967763,5.77337231564042,-3.42341048913989
-1.13860032106768,-2.61084040169503,-0.370336133516218,6.23938595967763,5.33425523390138,-5.26603235306819
-1.17563393441931,-2.03590180572727,-0.370336133516218,5.25938595967764,4.74225981017286,-6.44863467153697
-1.21266754777093,-1.55896320975951,-0.370336133516218,4.27938595967764,4.07158394607855,-6.82299567295445
-1.24970116112255,-1.18002461379174,-0.370336133516218,3.29938595967764,3.40628697686031,-6.34219472308002
-1.28673477447417,-0.899086017823979,-0.370336133516218,2.31938595967764,2.82975407255967,-5.06649313501565
-1.3237683878258,-0.716147421856215,-0.370336133516218,1.33938595967764,2.41424513587169,-3.15578130172985
-1.36080200117742,-0.631208825888451,-0.370336133516218,0.359385959677639,2.21183808829816,-0.849538791739263
-1.39783561452904,-0.644270229920687,-0.370336133516218,-0.620614040322361,2.24790167020349,1.56318088539134
-1.43486922788066,-0.755331633952924,-0.370336133516218,-1.60061404032236,2.51791584309483,3.77997887644394
-1.47190284123229,-0.96439303798516,-0.370336133516218,-2.58061404032236,2.98803830982626,5.5230122240878
-1.50893645458391,-1.2714544420174,-0.370336133516218,-3.56061404032236,3.59934614778724,6.57381738677289
-1.54597006793553,-1.67651584604963,-0.370336133516218,-4.54061404032236,4.2752209288537,6.80069142397799
-1.58300368128715,-2.17957725008187,-0.370336133516218,-5.52061404032236,4.93095171016239,6.17519901878525
-1.62003729463878,-2.7806386541141,-0.370336133516218,-6.50061404032235,5.4843523023413,4.77573642577918
-1.6570709079904,-3.47970005814634,-0.370336133516218,-7.48061404032235,5.86606209709934,2.7777056559258
-1.69410452134202,-4.27676146217857,-0.370336133516218,-8.46061404032235,6.02823939724892,0.431530419546318
-1.73113813469364,-5.17182286621081,-0.370336133516218,-9.44061404032236,5.95055766836519,-1.96873079506515
-1.74964199601222,-6.10307998547975,0.539237963959341,-7.34358802623571,5.77151931283181,2.27113152656321
-1.5800971807364,-6.4660295040371,2.29367134684693,-1.87044488733618,6.75173445145311,13.0506623773597
-1.3507300460517,-6.70207399277072,2.29367134684693,-2.85044488733618,7.86415402202793,8.96238762089567
-1.12136291136701,-7.03611848150434,2.29367134684693,-3.83044488733618,8.50660972278423,3.75080966256273
-0.891995776682317,-7.46816297023795,2.29367134684693,-4.81044488733618,8.59857920005611,-1.93087700802681
-0.662628641997624,-7.99820745897157,2.29367134684693,-5.79044488733618,8.12853543530861,-7.37055670258372
-0.41588370972063,-8.36113134898778,2.76274210828021,0.925234665126665,7.68370133801356,3.37125469764384
-0.125323961686057,-7.98882916585306,2.94198232410782,4.1628497398458,8.43895999877335,6.84235202703804
0.168874270724725,-7.62154419186847,2.94198232410782,3.18284973984581,8.83783778162787,1.05081778930288
0.463072503135506,-7.3522592178839,2.94198232410782,2.20284973984581,8.64471478541656,-4.87242097146118
0.757270735546288,-7.18097424389931,2.94198232410782,1.22284973984581,7.88379613149915,-10.184973572418
1.04842600165477,-7.08588408598735,2.71026835098725,1.87108229882913,6.69444091403281,-10.9372412826307
1.24153595740179,-6.46622036558072,1.26210574165867,9.56100623162955,6.42735696914871,3.71541145925815
1.36480452367799,-5.54394612630518,1.23145654673063,8.73904975862219,6.67647563203652,0.917760731177306
1.48795017835106,-4.71904115044296,1.23145654673063,7.75904975862218,6.60577350039667,-2.31684575235214
1.61109583302412,-3.99213617458074,1.23145654673063,6.77904975862218,6.22282695150775,-5.26106976612407
1.73424148769718,-3.36323119871852,1.23145654673063,5.79904975862218,5.5756326914674,-7.54589622155962
1.85738714237024,-2.8323262228563,1.23145654673063,4.81904975862219,4.74530698251985,-8.88495579591712
1.98053279704331,-2.39942124699409,1.23145654673063,3.83904975862219,3.83591891506429,-9.11041710642664
2.10367845171637,-2.06451627113187,1.23145654673063,2.85904975862219,2.9614468809282,-8.19402190064433
2.12043771703809,-1.73192429584727,-1.47246622322683,4.250512976434,2.51571771073031,0.847110485807214
1.92429266801532,-1.31672071047876,-2.02921208359827,3.71565817407439,2.82204261997349,4.13258052115863
1.72137145965549,-0.994154893071319,-2.02921208359827,2.7356581740744,3.30762666549328,5.47637113234884
1.51845025129567,-0.76958907566388,-2.02921208359827,1.7556581740744,3.89434039190624,6.13377933204464
1.31552904293584,-0.64302325825644,-2.02921208359827,0.775658174074397,4.50864788050688,6.02240869120825
1.11260783457601,-0.614457440849,-2.02921208359827,-0.204341825925603,5.07355474117315,5.1562178783129
0.909686626216185,-0.683891623441561,-2.02921208359827,-1.1843418259256,5.5182582244369,3.64377114597153
0.706765417856358,-0.851325806034121,-2.02921208359827,-2.1643418259256,5.78702130264641,1.67463140186559
0.503844209496532,-1.11675998862668,-2.02921208359827,-3.1443418259256,5.84615848494168,-0.504398707968142
0.300923001136705,-1.48019417121924,-2.02921208359827,-4.1243418259256,5.68825779708043,-2.62020987348948
0.0980017927768784,-1.9416283538118,-2.02921208359827,-5.1043418259256,5.33310976316934,-4.40761634761674
-0.104919415582948,-2.50106253640436,-2.02921208359827,-6.0843418259256,4.82522695514229,-5.64259307135821
-0.307840623942775,-3.15849671899692,-2.02921208359827,-7.0643418259256,4.22826499788431,-6.17035391330648
-0.510122697534616,-3.90891502909997,-1.94759161719192,-7.40896297834532,3.62715355186531,-4.64430806587231
-0.644278510359578,-4.26119535370556,-0.74907249862975,0.101123687481679,4.07795172937826,13.0406296496215
-0.714428607560528,-4.26881922065384,-0.698679548548647,-0.54775786790489,5.41900646980442,12.9010636075448
-0.784296562415392,-4.37259500744433,-0.698679548548647,-1.52775786790489,6.60029889433559,10.4748728569101
-0.854164517270256,-4.57437079423482,-0.698679548548647,-2.50775786790489,7.47003306279077,6.73581117084052
-0.924032472125121,-4.87414658102531,-0.698679548548647,-3.48775786790489,7.91920061517321,2.15251482595292
-0.993900426979985,-5.27192236781579,-0.698679548548647,-4.46775786790489,7.89150501856354,-2.70056752886648
-1.06376838183485,-5.76769815460628,-0.698679548548647,-5.44775786790489,7.39041750782646,-7.21517354445975
-1.13363633668972,-6.36147394139677,-0.698679548548647,-6.42775786790488,6.4787420174844,-10.8254638923816
-1.13610608662205,-6.66754422518963,1.02975377832302,2.54931281267124,6.04840927882158,6.86984552058659
-0.989075040341282,-6.20093495135177,1.55649328665518,4.68875778015718,7.12036426238079,10.0856038730287
-0.833425711675764,-5.78105917333605,1.55649328665518,3.70875778015718,7.91939686890234,5.72600640693849
-0.677776383010246,-5.45918339532034,1.55649328665518,2.72875778015718,8.24154172891422,0.648738426836672
-0.522127054344728,-5.23530761730462,1.55649328665518,1.74875778015718,8.04642273194525,-4.50983935400104
-0.36647772567921,-5.1094318392889,1.55649328665518,0.768757780157184,7.35849516863217,-9.10317523711329
-0.210828397013692,-5.08155606127318,1.55649328665518,-0.211242219842816,6.26398062046744,-12.5555622654733
-0.0551539041684888,-5.14977887631198,1.56077434707132,-0.845698766982716,4.90386284431401,-13.7433533303994
0.100461366329976,-4.81955675885844,1.50786343887124,7.90763891571552,4.42806552443805,5.24555752605828
0.249267970661586,-3.99484745161985,1.48597480288824,7.83874222508397,5.08497677647436,6.2554414476362
0.39786545095041,-3.25997322911145,1.48597480288824,6.85874222508397,5.63658089446377,4.65994457189126
0.546462931239233,-2.62309900660306,1.48597480288824,5.87874222508397,5.99741460453261,2.48039232166259
0.695060411528057,-2.08422478409466,1.48597480288824,4.89874222508397,6.1222527190406,-0.0100405504009016
0.84365789181688,-1.64335056158626,1.48597480288824,3.91874222508397,5.99544862018372,-2.49921498742072
1.2082292047688,-0.960756724902527,0,0,1.96048228817283,0
1.2082292047688,-1.00975672490253,0,-0.98,2.09546947547283,2.67118610771389
1.2082292047688,-1.15675672490253,0,-1.96,2.48351238284399,5.00757840434806
1.2082292047688,-1.40175672490253,0,-2.94,3.07597555076316,6.71634454893252
1.2082292047688,-1.74475672490253,0,-3.92,3.79860245276532,7.58331588879744
1.2082292047688,-2.18575672490253,0,-4.9,4.56082245665313,7.49983034379764
1.2082292047688,-2.72475672490253,0,-5.88,5.26710251842627,6.47635159661176
1.2082292047688,-3.36175672490252,0,-6.85999999999999,5.82892084139487,4.64115762432934
1.2082292047688,-4.09675672490252,0,-7.83999999999999,6.17586177877313,2.22426294456347
1.2082292047688,-4.92975672490252,0,-8.82,6.26444139722812,-0.47141031441264
1.2082292047688,-5.86075672490252,0,-9.8,6.08355754706401,-3.10799923802472
1.16217242196587,-6.64689351898778,-1.28557212546405,-3.84491023096085,6.14735590272468,8.59888775519824
0.989309168210672,-6.81918809702771,-1.83763248175906,-1.55700410732801,7.38394716380945,11.8935195877433
0.805545920034765,-7.02388850776051,-1.83763248175906,-2.53700410732801,8.34346061455264,7.09375654802393
0.621782671858859,-7.32658891849331,-1.83763248175906,-3.51700410732801,8.77293617805685,1.40489567181538
0.438019423682952,-7.72728932922611,-1.83763248175906,-4.49700410732801,8.61854542199366,-4.46004817164504
0.254099724021523,-8.22134678625116,-1.85773802615457,-4.8634081602333,7.90892710919321,-8.5388061420358
0.0573846828131717,-8.25823131114472,-2.04901882371822,4.49670532339131,7.82302651350548,7.58142845263519
-0.147998911573354,-7.74928979278539,-2.05422407806794,4.7302207250425,8.54570805657755,4.81227431207811
-0.353421319380148,-7.32526772028114,-2.05422407806794,3.75022072504251,8.7391470784758,-0.984417472982364
-0.558843727186942,-6.99924564777689,-2.05422407806794,2.77022072504251,8.35295474646271,-6.65772703594352
-0.764266134993737,-6.77122357527264,-2.05422407806794,1.79022072504251,7.43553457771162,-11.4965886354973
-0.965255728711712,-6.60919776666128,-1.76138794721881,2.88763599948165,6.16640566547024,-10.7079252964644
-1.0676155194232,-5.89762997901766,-0.474694048361828,9.94882425365038,5.93409264160899,3.29017485076349
-1.11465013621422,-4.94935528266551,-0.470262365356964,8.99320694546278,6.14694313792392,0.874092620894478
-1.16167637274992,-4.09903458811923,-0.470262365356964,8.01320694546278,6.10515034837229,-1.70110680695495
-1.20870260928561,-3.34671389357296,-0.470262365356964,7.03320694546278,5.81385887556674,-4.06309756718875
-1.25572884582131,-2.69239319902668,-0.470262365356964,6.05320694546278,5.30957781261596,-5.91583892868937
-1.302755082357,-2.1360725044804,-0.470262365356964,5.07320694546278,4.6555113587423,-7.02711706723097
-1.3497813188927,-1.67775180993412,-0.470262365356964,4.09320694546278,3.93363710440434,-7.25764964601118
-1.3968075554284,-1.31743111538784,-0.470262365356964,3.11320694546278,3.2344313485064,-6.57854280384543
-1.44383379196409,-1.05511042084157,-0.470262365356964,2.13320694546278,2.64552922775737,-5.07491257483165
-1.49086002849979,-0.890789726295287,-0.470262365356964,1.15320694546278,2.24074094383817,-2.93521684790256
-1.53788626503549,-0.824469031749008,-0.470262365356964,0.173206945462785,2.07080074242516,-0.427634947911683
-1.58491250157118,-0.85614833720273,-0.470262365356964,-0.806793054537215,2.15700812320786,2.1335446903509
-1.63193873810688,-0.985827642656451,-0.470262365356964,-1.78679305453722,2.48855826151616,4.42731594552068
-1.67896497464258,-1.21350694811017,-0.470262365356964,-2.76679305453721,3.02389623384698,6.1661883960316
-1.72599121117827,-1.53918625356389,-0.470262365356964,-3.74679305453721,3.69592531509947,7.13222000746744
-1.77301744771397,-1.96286555901762,-0.470262365356964,-4.72679305453721,4.42041656420389,7.20433295457673
-1.82004368424967,-2.48454486447134,-0.470262365356964,-5.70679305453721,5.10656568053098,6.37348894223951
-1.86706992078536,-3.10422416992506,-0.470262365356964,-6.68679305453721,5.66837398471538,4.74382202255431
-1.91409615732106,-3.82190347537878,-0.470262365356964,-7.66679305453721,6.035427085678,2.51958692611881
-1.96112239385676,-4.6375827808325,-0.470262365356964,-8.64679305453721,6.16172028679054,-0.0204412581752185
-2.00814863039245,-5.55126208628622,-0.470262365356964,-9.62679305453722,6.03142459658815,-2.55790743198981
-1.98757728922646,-6.36105308528813,1.50850536195827,-4.57895691745921,6.08435781105869,7.78756302057675
-1.75769494322171,-6.60781487293048,2.51055053169891,-2.24714598063526,7.25933079617657,11.4992514446387
-1.50663989005181,-6.881529470994,2.51055053169891,-3.22714598063526,8.18805393337947,6.87873236172376
-1.25558483688192,-7.25324406905753,2.51055053169891,-4.20714598063526,8.60621712046775,1.39606555507518
-1.00452978371203,-7.72295866712106,2.51055053169891,-5.18714598063525,8.46140976477625,-4.26157749383111
-0.7513135452232,-8.2686786429695,2.67040954895469,-4.49875188128644,7.81593952035867,-6.03850209143984
-0.443165302747357,-8.24476796887863,3.38404683173037,4.17096485808839,8.03071851351105,8.66144988053871
-0.103162025929582,-7.84570958333536,3.40097270577098,3.51919732175438,8.69411564934787,3.88275412846276
0.236935244647516,-7.54278985115992,3.40097270577098,2.53919732175438,8.78725223038857,-2.03972630887978
0.577032515224614,-7.33787011898449,3.40097270577098,1.55919732175438,8.29472818569102,-7.70655711453293
0.917129785801712,-7.23095038680905,3.40067670128586,0.581531117667806,7.27827414551487,-12.4027795784822
1.21254546542728,-6.92195131404825,2.20161838265466,7.28221523441049,6.46777160286944,-0.206563662320399
1.39282377303212,-6.02523301726133,1.71396001915905,8.94777836013697,6.73564312172453,2.03496265076108
1.56421977494802,-5.17945518124763,1.71396001915905,7.96777836013697,6.77060965067307,-1.34302952526151
1.73561577686393,-4.43167734523393,1.71396001915905,6.98777836013697,6.47267198026779,-4.55269274362982
1.90701177877983,-3.78189950922024,1.71396001915905,6.00777836013697,5.8791722065336,-7.19174302347065
2.07840778069574,-3.23012167320654,1.71396001915905,5.02777836013697,5.06449677919926,-8.92941430615161
2.24980378261164,-2.77634383719284,1.71396001915905,4.04777836013697,4.13075325651573,-9.54791510594525
2.41759625427509,-2.41685817708176,1.33894588768523,3.44998418987338,3.20530828810328,-7.89972442237472
2.36566671870234,-1.94680490571236,-2.09172227326635,5.61119007082014,2.99298015542573,2.81542140843064
2.15249554256201,-1.4314144972681,-2.13295812082572,4.66492017783934,3.34902807909371,4.13003743692063
1.93919973047944,-1.01392247948416,-2.13295812082572,3.68492017783934,3.80133822068763,4.82047550330454
1.72590391839687,-0.69443046170023,-2.13295812082572,2.70492017783934,4.29289857598054,4.90673800880779
1.5126081063143,-0.472938443916296,-2.13295812082572,1.72492017783934,4.762099298981,4.37801321969661
1.29931229423172,-0.349446426132361,-2.13295812082572,0.744920177839344,5.1501329940731,3.30056899602404
1.08601648214915,-0.323954408348427,-2.13295812082572,-0.235079822160656,5.40836535636211,1.80944709201747
0.872720670066579,-0.396462390564492,-2.13295812082572,-1.21507982216066,5.50443076502826,0.0915376624114165
0.659424857984007,-0.566970372780558,-2.13295812082572,-2.19507982216066,5.4262888368944,-1.63784466409168
0.446129045901435,-0.835478354996623,-2.13295812082572,-3.17507982216065,5.18373351100889,-3.16194730024788
0.232833233818862,-1.20198633721269,-2.13295812082572,-4.15507982216065,4.80716552272902,-4.28974644261992
0.0195374217362902,-1.66649431942875,-2.13295812082572,-5.13507982216065,4.34378211958296,-4.87988909005553
-0.193758390346282,-2.22900230164482,-2.13295812082572,-6.11507982216065,3.85166158187882,-4.85840955914361
-0.407054202428854,-2.88951028386088,-2.13295812082572,-7.09507982216065,3.39248396621721,-4.22799999252384
-0.610517328876403,-3.58766607780678,-1.6563474359472,-5.19113005419154,3.14581446609517,2.75498153410076
-0.719480926081869,-3.83203780807376,-0.844187101738752,-1.55727478869941,4.12529872569793,12.8415159542895
-0.803899636255743,-4.0367652869437,-0.844187101738752,-2.53727478869941,5.38183490246974,12.0233771266739
-0.888318346429618,-4.33949276581365,-0.844187101738752,-3.51727478869941,6.47952932700013,9.69828517502092
-0.972737056603493,-4.74022024468359,-0.844187101738752,-4.49727478869941,7.28080218083667,6.15765610862066
-1.05715576677737,-5.23894772355353,-0.844187101738752,-5.47727478869941,7.68522572079699,1.8452555996842
-1.14157447695124,-5.83567520242347,-0.844187101738752,-6.45727478869941,7.6421114164882,-2.69842050351633
-1.22599318712512,-6.53040268129341,-0.844187101738752,-7.4372747886994,7.15686301054534,-6.90388936547954
-1.28844544397396,-7.20242560963183,0.0875644013157503,-3.27033905673584,6.53496353692579,0.164331545863774
-1.18943638406861,-7.06699787708964,1.38610403168237,3.13268254934763,7.42511862834751,11.6551083655019
-1.05082598090038,-6.80272962215488,1.38610403168237,2.15268254934763,8.35871097324663,6.81922947428804
-0.91221557773214,-6.63646136722011,1.38610403168237,1.17268254934763,8.76035402320234,1.12866066933815
-0.773605174563903,-6.56819311228535,1.38610403168237,0.192682549347631,8.57970774126792,-4.70336911641442
-0.634994771395666,-6.59792485735059,1.38610403168237,-0.787317450652369,7.839413476549,-9.94590090093417
-0.496374007150091,-6.72551750915593,1.3909088549788,-1.70264047718059,6.63253515644132,-13.8121554721632
-0.330287496104472,-6.52421046519826,1.98924089196446,7.16971044121124,5.95859986109189,3.36603204598024
-0.122794455567403,-5.67527519969164,2.08813423429695,8.29067324828699,6.52905721868969,4.87634239970882
0.0860189678622928,-4.89520787486294,2.08813423429695,7.31067324828699,6.85514737925721,1.5764737845776
0.294832391291988,-4.21314055003424,2.08813423429695,6.33067324828699,6.83773778209439,-1.92098258557252
0.503645814721683,-3.62907322520554,2.08813423429695,5.35067324828699,6.47901046362727,-5.1776720997443
0.712459238151379,-3.14300590037684,2.08813423429695,4.37067324828699,5.82392660635957,-7.78541672395421
0.921272661581074,-2.75493857554815,2.08813423429695,3.39067324828699,4.9545913172726,-9.41737410212557
1.13008608501077,-2.46487125071945,2.08813423429695,2.410673248287,3.97996296271887,-9.86900242846591
1.15336518420322,-0.806498755297753,0,0,1.81411024805729,0
1.15336518420322,-0.855498755297753,0,-0.98,1.95827022436737,2.85270130973268
1.15336518420322,-1.00249875529775,0,-1.96,2.37268182485206,5.34785855295519
1.15336518420322,-1.24749875529775,0,-2.94,3.00540466292412,7.1727405424976
1.15336518420322,-1.59049875529775,0,-3.92,3.77713625580586,8.0986252158235
1.15336518420322,-2.03149875529775,0,-4.9,4.59115142199588,8.00946657469516
1.15336518420322,-2.57049875529775,0,-5.88,5.34542535724882,6.91643934078239
1.15336518420322,-3.20749875529775,0,-6.85999999999999,5.94542094016087,4.9565383689912
1.15336518420322,-3.94249875529775,0,-7.83999999999999,6.31593756706332,2.37540836141011
1.15336518420322,-4.77549875529775,0,-8.82,6.41053643939664,-0.503444075821935
1.15336518420322,-5.70649875529775,0,-9.8,6.21736098270251,-3.31919721780424
1.13040070156391,-6.60913409866678,-0.891588593232813,-5.78245863086221,6.01664108662741,4.37480098140646
0.972127560059902,-6.815831366207,-1.85201350608889,-0.868414562834886,7.16717985854343,13.27644915608
0.786926209451013,-6.95167282249049,-1.85201350608889,-1.84841456283489,8.2756694762725,8.65883319881647
0.601724858842124,-7.18551427877398,-1.85201350608889,-2.82841456283489,8.8626178268484,2.95596011275677
0.416523508233235,-7.51735573505747,-1.85201350608889,-3.80841456283488,8.85445958489167,-3.1173990088628
0.231322157624346,-7.94719719134096,-1.85201350608889,-4.78841456283488,8.25221726580334,-8.80003810842578
0.0433209490244582,-8.28570309098095,-1.93093362947781,0.873462096636702,7.50851578040285,-0.192705019611749
-0.149752047185686,-7.80013642500455,-1.92437347210243,6.00083551910103,8.1596012463373,7.38914508523912
-0.342189394395928,-7.24905287309445,-1.92437347210243,5.02083551910103,8.62951803416154,1.90977595084508
-0.534626741606171,-6.79596932118434,-1.92437347210243,4.04083551910104,8.53354385307925,-3.80895545292706
-0.727064088816413,-6.44088576927424,-1.92437347210243,3.06083551910104,7.88370765223739,-9.05029042644288
-0.919501436026656,-6.18380221736414,-1.92437347210243,2.08083551910104,6.76145682222867,-13.157304876808
-1.09990931777064,-5.95556795871737,-1.32337498523742,4.48960645997095,5.44751562244126,-8.75835222334001
-1.14667201192685,-5.11581344307963,-0.0186413238984641,10.1266330934315,5.39184560642401,3.21376418415307
-1.14853614431669,-4.15215013373648,-0.0186413238984641,9.1466330934315,5.62643202819261,1.42833558466708
-1.15040027670654,-3.28648682439333,-0.0186413238984641,8.16663309343149,5.67152005285879,-0.53611382973484
-1.15226440909638,-2.51882351505018,-0.0186413238984641,7.18663309343149,5.52145856103432,-2.4333692767261
-1.15412854148623,-1.84916020570703,-0.0186413238984641,6.20663309343149,5.19505554913553,-4.02563774750047
-1.15599267387608,-1.27749689636388,-0.0186413238984641,5.2266330934315,4.73322082422668,-5.1133518558709
-1.15785680626592,-0.80383358702073,-0.0186413238984641,4.2466330934315,4.19383856262369,-5.56018266893106
-1.15972093865577,-0.42817027767758,-0.0186413238984641,3.2666330934315,3.64451238148208,-5.31012652959857
-1.16158507104561,-0.15050696833443,-0.0186413238984641,2.2866330934315,3.15409222171877,-4.39452428965562
-1.16344920343546,0.0291563410087197,-0.0186413238984641,1.3066330934315,2.7840450226185,-2.92813319587402
-1.16531333582531,0.11081965035187,-0.0186413238984641,0.326633093431499,2.58075074688453,-1.09474376040778
-1.16717746821515,0.0944829596950195,-0.0186413238984641,-0.653366906568501,2.56968933585752,0.875855671232721
-1.169041600605,-0.0198537309618305,-0.0186413238984641,-1.6333669065685,2.75224717438657,2.73667950269677
-1.17090573299484,-0.232190421618681,-0.0186413238984641,-2.6133669065685,3.10554332792026,4.25450089126269
-1.17276986538469,-0.54252711227553,-0.0186413238984641,-3.5933669065685,3.58529733043922,5.23908329530551
-1.17463399777454,-0.95086380293238,-0.0186413238984641,-4.5733669065685,4.1313790882703,5.56702382111774
-1.17649813016438,-1.45720049358923,-0.0186413238984641,-5.5533669065685,4.67534530114209,5.19721995693597
-1.17836226255423,-2.06153718424608,-0.0186413238984641,-6.53336690656849,5.149017821166,4.17602116702771
-1.18022639494408,-2.76387387490293,-0.0186413238984641,-7.51336690656849,5.49302877887448,2.63141966943619
-1.18209052733392,-3.56421056555978,-0.0186413238984641,-8.49336690656849,5.66426147070368,0.757008497778341
-1.18395465972377,-4.46254725621663,-0.0186413238984641,-9.4733669065685,5.6412544023379,-1.21228253237421
-1.18567701857695,-5.45823883212179,0.0161915928830358,-10.2942505295844,5.42821206583365,-2.70391355103635
-1.10867728053525,-6.16284879215388,1.64378797323002,-2.9786313412458,5.8373059487471,12.4570547891736
-0.923861207653807,-6.39352617962647,1.87596554321701,-2.63652678501306,7.18092281044307,12.0932194126694
-0.736264653332106,-6.70617885812778,1.87596554321701,-3.61652678501305,8.1727103724584,7.5327110976158
-0.548668099010404,-7.11683153662908,1.87596554321701,-4.59652678501305,8.65586107358869,2.02808846252721
-0.361071544688703,-7.62548421513039,1.87596554321701,-5.57652678501305,8.56981909405992,-3.73072517160588
-0.17338870446196,-8.22848764507339,1.88795725330972,-6.03015720564039,7.93266705992976,-7.96941577011963
0.0214461373691245,-8.3783871836338,1.97882232448968,3.56848168903963,7.90825993221955,8.560872264124
0.218700012654735,-7.94753517931223,1.97149178760391,3.9764802004386,8.75049905810035,5.95779956886658
0.415849191415127,-7.59888715926837,1.97149178760391,2.9964802004386,9.04325377763437,-0.164639821144359
0.612998370175518,-7.34823913922451,1.97149178760391,2.0164802004386,8.7182618503968,-6.2664440359462
0.81014754893591,-7.19559111918065,1.97149178760391,1.0364802004386,7.81625622478523,-11.582841844714
1.00029817217521,-7.08857826488471,1.5755881674456,2.96653721786137,6.55576525959228,-9.5914425624206
1.08356879384966,-6.34369561563679,0.355698816174352,10.0110790931586,6.45777458553115,3.76742005571206
1.11913867546709,-5.39158770632093,0.355698816174352,9.03107909315859,6.67976590167278,0.625442197791606
1.15470855708453,-4.53747979700507,0.355698816174352,8.05107909315859,6.58023894355404,-2.59492562191161
1.19027843870196,-3.78137188768921,0.355698816174352,7.07107909315859,6.17166794856223,-5.49005775850866
1.22584832031939,-3.12326397837335,0.355698816174352,6.09107909315859,5.50526126946456,-7.69709206671618
1.26141820193683,-2.56315606905749,0.355698816174352,5.11107909315859,4.66454316208418,-8.93940932295851
1.29698808355426,-2.10104815974163,0.355698816174352,4.13107909315859,3.7548852508021,-9.06130336826747
1.3325579651717,-1.73694025042577,0.355698816174352,3.15107909315859,2.89029974839239,-8.0474965805329
1.36812784678913,-1.47083234110991,0.355698816174352,2.1710790931586,2.17914970544632,-6.02505469927326
1.38839340614257,-1.2879236859255,-0.331874056462546,1.84753906644578,1.75304199812401,-1.35472415509329
1.30418943915833,-1.10581350850625,-0.977646394386016,1.45282893785167,1.90429234134528,3.33111564364907
1.20642479971973,-1.00953061472109,-0.977646394386016,0.472828937851675,2.36892443278444,5.86322948454266
1.10866016028113,-1.01124772093592,-0.977646394386016,-0.507171062148325,3.0523386955302,7.66047392094293
1.01089552084252,-1.11096482715075,-0.977646394386016,-1.48717106214833,3.86887922380481,8.49759085028248
0.913130881403922,-1.30868193336558,-0.977646394386016,-2.46717106214833,4.71620469644303,8.26966000278683
0.815366241965321,-1.60439903958042,-0.977646394386016,-3.44717106214832,5.4881153532088,7.00524915098989
0.717601602526719,-1.99811614579525,-0.977646394386016,-4.42717106214832,6.08786356958429,4.862833560473
0.619836963088118,-2.48983325201008,-0.977646394386016,-5.40717106214832,6.4402797456507,2.11093345090821
0.522072323649517,-3.07955035822491,-0.977646394386016,-6.38717106214832,6.50119370759919,-0.905541056066945
0.424307684210916,-3.76726746443974,-0.977646394386016,-7.36717106214832,6.2629707880451,-3.80851933736416
0.326543044772314,-4.55298457065458,-0.977646394386016,-8.34717106214832,5.75546871906073,-6.23415584909352
0.2284975809881,-5.4304839162123,-1.01204377276442,-8.54767466560026,5.05473908858368,-6.31886446710337
0.109059879230963,-5.78990155888841,-1.33852716041099,1.2161118548188,5.45595779749049,13.9691045409175
-0.0257607148556773,-5.66132741678986,-1.34890094841595,0.838047936778288,6.84939220999288,12.5687166580247
-0.160650809697272,-5.62652262311203,-1.34890094841595,-0.141952063221712,7.90850824482204,8.38953942209116
-0.295540904538866,-5.6897178294342,-1.34890094841595,-1.12195206322171,8.49210126169289,3.15885706345153
-0.430430999380461,-5.85091303575637,-1.34890094841595,-2.10195206322171,8.52702647685241,-2.46774147326169
-0.565321094222055,-6.11010824207854,-1.34890094841595,-3.08195206322171,8.00890652931223,-7.78504498545476
-0.700211189063649,-6.46730344840071,-1.34890094841595,-4.06195206322171,7.00268011852392,-12.1266078435206
-0.816432407107343,-6.76220864273056,-0.605441914277184,1.26945845017618,5.95613280642136,-2.31284726238833
-0.813670849233481,-6.17083961873253,0.27436130564984,7.39559773181954,6.63547384976036,9.36912832493215
-0.786234718668497,-5.48027984555058,0.27436130564984,6.41559773181954,7.39474884375104,5.65574075085882
-0.758798588103513,-4.88772007236863,0.27436130564984,5.43559773181954,7.742892988999,1.2334894271912
-0.731362457538529,-4.39316029918667,0.27436130564984,4.45559773181954,7.63627154780171,-3.34336161713873
-0.703926326973545,-3.99660052600472,0.27436130564984,3.47559773181954,7.08824794644319,-7.50117155668672
-0.676490196408561,-3.69804075282276,0.27436130564984,2.49559773181954,6.16750886666861,-10.7188201927318
-0.649054065843577,-3.49748097964081,0.27436130564984,1.51559773181954,4.98945538241336,-12.5930226899935
-0.621617935278593,-3.39492120645886,0.27436130564984,0.535597731819543,3.70173913595096,-12.8888753871789
-0.567649230388313,-3.24221723908883,1.15667426282887,4.51238136735535,2.76543914199409,-1.58004826056234
-0.410929626190522,-2.60242539276331,1.67113481214168,6.5149018580247,3.1704597216827,5.99656214204488
-0.243816144976354,-1.99993520696084,1.67113481214168,5.5349018580247,3.81669722968291,6.79147121365076
-0.0767026637621851,-1.49544502115837,1.67113481214168,4.5549018580247,4.5002599259612,6.73516946033081
1.1351848342811,-0.941314671282591,0,0,1.89556229113181,0
1.1351848342811,-0.990314671282591,0,-0.98,2.03461786085595,2.75169305677779
1.1351848342811,-1.13731467128259,0,-1.96,2.43435600372123,5.15850194290949
1.1351848342811,-1.38231467128259,0,-2.94,3.04467543479787,6.91876863572117
1.1351848342811,-1.72531467128259,0,-3.92,3.78908160819699,7.81186964783048
1.1351848342811,-2.16631467128259,0,-4.9,4.57427418103132,7.72586792977203
1.1351848342811,-2.70531467128259,0,-5.88,5.30184083634949,6.67154252943468
1.1351848342811,-3.34231467128259,0,-6.85999999999999,5.88059181667948,4.78103759726734
1.1351848342811,-4.07731467128259,0,-7.83999999999999,6.23798921618631,2.29130006454008
1.1351848342811,-4.91031467128259,0,-8.82,6.32923853811515,-0.485618162402353
1.1351848342811,-5.84131467128259,0,-9.8,6.14290302478553,-3.20167130962756
1.09915148559486,-6.66734472337716,-1.11221540413958,-4.3795132063204,6.11257947753481,7.35976721423705
0.937686646469164,-6.8392109612657,-1.75869720618042,-1.28398285465192,7.33710746839238,12.3514292341917
0.761816925851121,-7.01660924673089,-1.75869720618042,-2.26398285465192,8.34438662237949,7.58105574318766
0.585947205233079,-7.29200753219608,-1.75869720618042,-3.24398285465191,8.82151182769336,1.86050864332495
0.410077484615037,-7.66540581766127,-1.75869720618042,-4.22398285465191,8.70868247165815,-4.09322579501007
0.2342006793584,-8.13656642026312,-1.76118328138189,-5.11955361371407,8.02051560078754,-9.36501607569928
0.0501548684165919,-8.2818795450319,-1.91448011911654,3.70371923921417,7.6836319024951,5.68550685634389
-0.141871727979391,-7.75088852207712,-1.92052635873284,5.20908370734529,8.42925742589559,5.64807489285791
-0.333924363852675,-7.27898015134259,-1.92052635873284,4.22908370734529,8.71182086446138,-0.0565847161069739
-0.52597699972596,-6.90507178060806,-1.92052635873284,3.24908370734529,8.41817788731195,-5.75415226478351
-0.718029635599244,-6.62916340987353,-1.92052635873284,2.26908370734529,7.58513231396704,-10.7305216308643
-0.909904357685249,-6.4499709750424,-1.88563130197864,1.53941136320107,6.31968640489699,-13.8566082821416
-1.0372053368579,-5.94696687016618,-0.515001952287123,9.19210292878414,5.6233026923535,1.45114555236802
-1.069719397679,-4.97025086738772,-0.300591096500035,9.41311611667216,5.88353288464329,1.80772475680664
-1.09977850732901,-4.0779392557205,-0.300591096500035,8.43311611667215,5.94965204950691,-0.499329506766063
-1.12983761697901,-3.28362764405329,-0.300591096500035,7.45311611667215,5.78576195116882,-2.7438001756865
-1.15989672662901,-2.58731603238607,-0.300591096500035,6.47311611667215,5.41240379806796,-4.64437593028691
-1.18995583627901,-1.98900442071886,-0.300591096500035,5.49311611667215,4.87637253220075,-5.9628476101409
-1.22001494592902,-1.48869280905164,-0.300591096500035,4.51311611667215,4.24485177279472,-6.53396422162906
-1.25007405557902,-1.08638119738443,-0.300591096500035,3.53311611667216,3.59699333978143,-6.28614471454326
-1.28013316522902,-0.78206958571721,-0.300591096500035,2.55311611667216,3.01399673969602,-5.25044961177811
-1.31019227487902,-0.575757974049994,-0.300591096500035,1.57311611667216,2.56893200423941,-3.55668803055044
-1.34025138452903,-0.467446362382778,-0.300591096500035,0.593116116672157,2.31758143870024,-1.41714802266288
-1.37031049417903,-0.457134750715563,-0.300591096500035,-0.386883883327843,2.29144813209862,0.900010604120053
-1.40036960382903,-0.544823139048347,-0.300591096500035,-1.36688388332784,2.49380750926491,3.10436616587688
-1.43042871347903,-0.730511527381131,-0.300591096500035,-2.34688388332784,2.89929680461333,4.9196351804127
-1.46048782312904,-1.01419991571392,-0.300591096500035,-3.32688388332784,3.45709391101107,6.11830042993056
-1.49054693277904,-1.3958883040467,-0.300591096500035,-4.30688388332784,4.09728718190203,6.55012689116433
-1.52060604242904,-1.87557669237948,-0.300591096500035,-5.28688388332784,4.73963782585435,6.16099148140253
-1.55066515207904,-2.45326508071227,-0.300591096500035,-6.26688388332784,5.30363665651887,4.99966658924705
-1.58072426172904,-3.12895346904505,-0.300591096500035,-7.24688388332784,5.71859473260535,3.21170717450103
-1.61078337137905,-3.90264185737783,-0.300591096500035,-8.22688388332783,5.93250317486978,1.02120759912434
-1.64084248102905,-4.77433024571062,-0.300591096500035,-9.20688388332784,5.91855171262855,-1.29728529836916
-1.66959011324654,-5.73959500328467,-0.13507399908874,-9.62504107951864,5.68771359283699,-2.28243796264476
-1.56935871476439,-6.33703851115542,2.11046747746421,-2.24771758276733,6.21629839701926,12.8744194162732
-1.34321473371789,-6.54897578484013,2.27570782655241,-2.5504505718782,7.47006184517073,10.7821678489728
-1.11564395106265,-6.85302084202795,2.27570782655241,-3.5304505718782,8.31537489150977,5.94526022368933
-0.888073168407412,-7.25506589921577,2.27570782655241,-4.5104505718782,8.63417018207124,0.363201849800821
-0.660502385752171,-7.75511095640359,2.27570782655241,-5.49045057187819,8.3864914255501,-5.26437852308355
-0.430023346721321,-8.30462411358085,2.43752127500413,-3.64523343869554,7.70046204934253,-4.58803949443405
-0.163223148498689,-8.17263238608265,2.79619266988916,4.58436172816779,8.10643510358398,9.20729859962928
0.116454187382246,-7.76019134106753,2.79678483167869,3.63501500695684,8.76357454433332,3.7375443135203
0.396132670550115,-7.44568984037185,2.79678483167869,2.65501500695685,8.83814193786285,-2.26197178139518
0.675811153717984,-7.22918833967616,2.79678483167869,1.67501500695685,8.32067043082807,-7.977983050061
0.955489636885852,-7.11068683898048,2.79678483167869,0.695015006956846,7.27601745022026,-12.6940717216897
1.19733589574774,-6.84634645714856,1.66450920197145,6.75726872121395,6.32578262592588,-1.70432637800774
1.31273605537413,-5.94008449491263,1.01702249828526,9.30174707484978,6.5804764639972,2.53513198577957
1.41443830520266,-5.05890978742766,1.01702249828526,8.32174707484977,6.67413460758509,-0.681783256247577
1.51614055503118,-4.27573507994268,1.01702249828526,7.34174707484977,6.44698027663471,-3.81324701509199
1.61784280485971,-3.5905603724577,1.01702249828526,6.36174707484977,5.92748391876418,-6.46677645963875
1.71954505468823,-3.00338566497272,1.01702249828526,5.38174707484977,5.18075674617553,-8.30979078135011
1.82124730451676,-2.51421095748775,1.01702249828526,4.40174707484977,4.30039000479892,-9.11129529708549
1.92294955434528,-2.12303625000277,1.01702249828526,3.42174707484978,3.39672469095053,-8.77083322826612
2.02317951118686,-1.82850337523903,0.817766073405686,2.62432924288788,2.58702688245505,-6.79083334138469
1.95830830124889,-1.49040041231799,-1.95513317004698,3.95373501306844,2.39910126132646,2.58948429504963
1.75897532682336,-1.14113487812195,-1.99458587815681,3.00360369715319,2.76951068516271,4.64761156018004
1.55951673900768,-0.889774508406631,-1.99458587815681,2.02360369715319,3.30880946417037,6.02427097405409
1.360058151192,-0.736414138691312,-1.99458587815681,1.04360369715319,3.94908967768835,6.64587680614373
1.16059956337631,-0.681053768975993,-1.99458587815681,0.0636036971531879,4.61010163730762,6.43451992654131
0.961140975560632,-0.723693399260675,-1.99458587815681,-0.916396302846812,5.20899723578824,5.4166908051704
0.761682387744951,-0.864333029545356,-1.99458587815681,-1.89639630284681,5.67071373629681,3.71995932178014
0.562223799929269,-1.10297265983004,-1.99458587815681,-2.87639630284681,5.93738178020692,1.55698576164292
0.362765212113588,-1.43961229011472,-1.99458587815681,-3.85639630284681,5.97557845833143,-0.80113301706232
0.163306624297906,-1.8742519203994,-1.99458587815681,-4.83639630284681,5.78051638000798,-3.05884157903537
-0.0361519635177753,-2.40689155068408,-1.99458587815681,-5.81639630284681,5.3766437019587,-4.93316942981267
-0.235610551333457,-3.03753118096876,-1.99458587815681,-6.79639630284681,4.81457991216406,-6.18919719687802
-0.435069139149138,-3.76617081125344,-1.99458587815681,-7.77639630284681,4.16477142306112,-6.66950031078556
-0.6146429870749,-4.44052784304029,-1.25683912513949,-3.20946950974175,3.81464752040001,4.80176078121395
-0.690790276525752,-4.46166816265955,-0.604269963455645,0.387379938385959,4.99847750365641,13.7668201875649
-0.751217272871317,-4.47193016882096,-0.604269963455645,-0.592620061614041,6.29088297260004,11.8078702962443
-0.811644269216882,-4.58019217498236,-0.604269963455645,-1.57262006161404,7.31051091112889,8.3689778859795
-0.872071265562447,-4.78645418114377,-0.604269963455645,-2.55262006161404,7.92956598427987,3.88115743852393
-0.932498261908012,-5.09071618730517,-0.604269963455645,-3.53262006161404,8.07045876218159,-1.0931088938666
-0.992925258253577,-5.49297819346658,-0.604269963455645,-4.51262006161404,7.71553041158871,-5.93037013643742
-1.05335225459914,-5.99324019962798,-0.604269963455645,-5.49262006161404,6.90926597036711,-10.0243468832831
-1.10344754774405,-6.5310219849143,-0.0124085983857541,-2.99585086907219,5.87522910601129,-5.82823420203425
-1.00292894183181,-6.26894350012303,1.60142551685306,5.75130780523306,6.41821854456359,11.518857646282
-0.842786390146505,-5.74281271959972,1.60142551685306,4.77130780523306,7.40157168469327,7.94016879679558
-0.682643838461199,-5.31468193907641,1.60142551685306,3.79130780523306,7.97293883351961,3.36629680972319
-0.522501286775893,-4.98455115855311,1.60142551685306,2.81130780523307,8.06070753966777,-1.62949087040401
-0.362358735090587,-4.7524203780298,1.60142551685306,1.83130780523307,7.65387728935183,-6.42104588507194
-0.202216183405281,-4.61828959750649,1.60142551685306,0.851307805233066,6.8034382586455,-10.4078174304314
-0.0420736317199748,-4.58215881698319,1.60142551685306,-0.128692194766933,5.61598044640823,-13.0901224497397
0.117900662869148,-4.63594717654561,1.58147916657817,-0.216116769285404,4.25649196655062,-12.347556759482
0.257805955600419,-4.21739783536175,1.1940488833433,8.07897476064945,4.00797376664064,6.41406390065847
0.375573323800434,-3.43254508495582,1.17680235467464,7.37210119583255,4.69362435785539,6.66050451617224
0.493253559267898,-2.74433496537256,1.17680235467464,6.39210119583255,5.30941017808364,5.52493738663775
0.610933794735363,-2.15412484578931,1.17680235467464,5.41210119583256,5.77543161789445,3.69690078142408
0.728614030202827,-1.66191472620605,1.17680235467464,4.43210119583256,6.03327975796537,1.40551214766514
1.06619475661891,-1.09647107384938,0,0,1.9674852580895,0
1.06619475661891,-1.14547107384938,0,-0.98,2.10203358585432,2.66250176131718
1.06619475661891,-1.29247107384938,0,-1.96,2.48881491919487,4.99129816638693
1.06619475661891,-1.53747107384938,0,-2.94,3.07935191829988,6.69450890729971
1.06619475661891,-1.88047107384938,0,-3.92,3.79962947357758,7.55866161936116
1.06619475661891,-2.32147107384938,0,-4.9,4.55937140881822,7.47544749588075
1.06619475661891,-2.86047107384938,0,-5.88,5.26335526940501,6.45529620084976
1.06619475661891,-3.49747107384938,0,-6.85999999999999,5.82334705362568,4.62606866426961
1.06619475661891,-4.23247107384938,0,-7.83999999999999,6.16916004440722,2.21703159897053
1.06619475661891,-5.06547107384938,0,-8.82,6.25745167989909,-0.469877702943323
1.06619465903042,-5.99647052551929,-0.000231494013425713,-9.79869893276108,6.0771570187187,-3.09525176149943
1.01610422476681,-6.72236472573039,-1.23791148642886,-3.1083033766611,6.26087913705326,9.99391857883759
0.862827782606254,-6.88199001552631,-1.59162086386765,-1.67980410465033,7.50331455127428,11.3590477113682
0.703665696219489,-7.09897042599134,-1.59162086386765,-2.65980410465033,8.40302154792343,6.44475188462855
0.544503609832724,-7.41395083645638,-1.59162086386765,-3.63980410465033,8.76522557213662,0.722701391021393
0.385341523445959,-7.82693124692141,-1.59162086386765,-4.61980410465033,8.54452968759705,-5.08992907081974
0.225466643084844,-8.31512508673641,-1.64341412405435,-3.86793534084113,7.81414609336462,-6.80497689266596
0.0501876973635671,-8.21011679040062,-1.81844514141182,5.09652986543743,7.98663519766222,8.47001549348426
-0.131802272747637,-7.72009627650605,-1.81997287766367,4.42716361801826,8.63083930427086,3.72378660756071
-0.313799560514004,-7.32637991470423,-1.81997287766367,3.44716361801826,8.71237799091208,-2.11026304697507
-0.495796848280371,-7.0306635529024,-1.81997287766367,2.46716361801827,8.21764043425019,-7.67982232925962
-0.677794136046738,-6.83294719110057,-1.81997287766367,1.48716361801827,7.20863469564491,-12.2868290666119
-0.846269183564068,-6.61805160564191,-1.26951714171206,5.07049292486528,6.0429971607541,-6.21443723461429
-0.920341922568783,-5.76824805893007,-0.516158597790249,9.60880510329417,6.09426174233268,2.54455173552308
-0.971957782347808,-4.85636754860066,-0.516158597790249,8.62880510329416,6.21931202512511,-0.0700014844888964
-1.02357364212683,-4.04248703827124,-0.516158597790249,7.64880510329416,6.08055514098098,-2.67578105006354
-1.07518950190586,-3.32660652794182,-0.516158597790249,6.66880510329416,5.6953822203499,-4.94619089625519
-1.12680536168488,-2.70872601761241,-0.516158597790249,5.68880510329416,5.11206901221436,-6.59666860981718
-1.1784212214639,-2.18884550728299,-0.516158597790249,4.70880510329416,4.40372523043125,-7.42035113386181
-1.23003708124293,-1.76696499695358,-0.516158597790249,3.72880510329416,3.65913132858091,-7.31400200332256
-1.28165294102195,-1.44308448662416,-0.516158597790249,2.74880510329417,2.97161117854414,-6.290950514365
-1.33326880080098,-1.21720397629474,-0.516158597790249,1.76880510329417,2.42733529855552,-4.47942109355636
-1.38488466058,-1.08932346596533,-0.516158597790249,0.788805103294167,2.09452064871129,-2.10646225574695
-1.43650052035902,-1.05944295563591,-0.516158597790249,-0.191194896705833,2.01488064039318,0.530510581059448
-1.48811638013805,-1.12756244530649,-0.516158597790249,-1.17119489670583,2.19839697491712,3.10099173508947
-1.53973223991707,-1.29368193497708,-0.516158597790249,-2.15119489670583,2.62206858438675,5.28280927706186
-1.5913480996961,-1.55780142464766,-0.516158597790249,-3.13119489670583,3.23279447656174,6.80250453340416
-1.64296395947512,-1.91992091431824,-0.516158597790249,-4.11119489670583,3.95402916164516,7.46960610078883
-1.69457981925414,-2.38004040398883,-0.516158597790249,-5.09119489670583,4.69537650131237,7.20050262939962
-1.74619567903317,-2.93815989365941,-0.516158597790249,-6.07119489670583,5.36391953240505,6.02892227337792
-1.79781153881219,-3.59427938332999,-0.516158597790249,-7.05119489670583,5.87586623886643,4.10170536378046
-1.84942739859122,-4.34839887300057,-0.516158597790249,-8.03119489670583,6.1670516460394,1.66040013719151
-1.90104325837024,-5.20051836267116,-0.516158597790249,-9.01119489670583,6.20097995458545,-0.989011775831328
-1.94686487851243,-6.13286392784015,-0.0729330961440406,-8.61972084990628,6.01075295485258,-0.636379969962201
-1.82453866515593,-6.61694916583509,2.23651223176417,-1.86545387681237,6.71251847367003,12.8177891687229
-1.59674944883733,-6.83739484289481,2.27967878483622,-2.68791693176411,7.83530435476896,9.10058696810853
-1.36878157035371,-7.15518653607122,2.27967878483622,-3.6679169317641,8.49309801858714,3.91612470567098
-1.14081369187009,-7.57097822924763,2.27967878483622,-4.6479169317641,8.6020989519083,-1.75916607328805
-0.912845813386467,-8.08476992242404,2.27967878483622,-5.6279169317641,8.14864549418892,-7.21397131123333
-0.655742099692817,-8.39378369004397,3.01145480828403,1.42472988149856,7.79381379987413,4.16609659997203
-0.335028146752296,-8.02838073581042,3.25321004657713,3.84347898407799,8.50841858086106,5.87479488547861
-0.00970714209458286,-7.69303283740262,3.25321004657713,2.86347898407799,8.8082175677424,0.0577599370752498
0.315613862563131,-7.45568493899482,3.25321004657713,1.88347898407799,8.51972823283269,-5.76651436812003
0.640934867220844,-7.31633704058702,3.25321004657713,0.903478984077991,7.67910846255056,-10.8680410832558
0.953643138910164,-7.16694469371531,2.72114542800754,4.29195177816806,6.60858034995921,-5.85497759027105
1.16728127807478,-6.38277157385854,1.86271684503213,9.13174229277529,6.68524765025359,2.79942664242224
1.35355296257799,-5.51859734458101,1.86271684503213,8.15174229277529,6.79821506515035,-0.563977520194092
1.5398246470812,-4.75242311530348,1.86271684503213,7.17174229277529,6.57481834883254,-3.85669541243648
1.72609633158442,-4.08424888602595,1.86271684503213,6.19174229277529,6.04305698730345,-6.6660333741085
1.91236801608763,-3.51407465674842,1.86271684503213,5.21174229277529,5.26957943021403,-8.63988229533398
2.09863970059084,-3.0419004274709,1.86271684503213,4.23174229277529,4.35132968994854,-9.53084930414482
2.28452846854499,-2.66727259002638,1.78058280585888,3.34855756748831,3.40458393320724,-8.97339391636222
2.3101534277621,-2.21657116531065,-1.48270358202399,5.80266644606743,3.0156809302839,1.77331241689542
2.13566022818086,-1.66053166173005,-1.76835383915512,5.09232843911676,3.32900937703141,3.76874617299674
1.95882484426535,-1.20029881781838,-1.76835383915512,4.11232843911676,3.7472028268151,4.5066505948314
1.78198946034983,-0.838065973906699,-1.76835383915512,3.13232843911677,4.21143156408052,4.67971278295616
1.60515407643432,-0.573833129995022,-1.76835383915512,2.15232843911677,4.6635113583465,4.26624194266127
1.42831869251881,-0.407600286083345,-1.76835383915512,1.17232843911677,5.04678067008815,3.31806055011126
1.2514833086033,-0.339367442171669,-1.76835383915512,0.192328439116767,5.31320233964674,1.95400916870894
1.07464792468778,-0.369134598259992,-1.76835383915512,-0.787671560883233,5.42938433722892,0.3450515359274
0.897812540772271,-0.496901754348315,-1.76835383915512,-1.76767156088323,5.3807649617122,-1.30715322154693
0.720977156856759,-0.722668910436639,-1.76835383915512,-2.74767156088323,5.1734379352734,-2.79552558731599
0.544141772941247,-1.04643606652496,-1.76835383915512,-3.72767156088323,4.83338864512358,-3.93352002074742
0.367306389025734,-1.46820322261328,-1.76835383915512,-4.70767156088323,4.40323725818757,-4.57850569121089
0.190471005110222,-1.98797037870161,-1.76835383915512,-5.68767156088323,3.93689691131029,-4.64964315062427
0.0136356211947095,-2.60573753478993,-1.76835383915512,-6.66767156088323,3.49281649411704,-4.1380163668701
-0.163115926238336,-3.31965039805458,-1.75421643268546,-7.34376000400491,3.13036654322883,-2.49948273592859
-0.318300592232,-3.7823388810984,-1.31585380526296,-1.8577764239563,3.58395816222234,11.5843424229759
-0.446883492873748,-3.98227476058372,-1.28357505530454,-2.46353702318648,4.81999765522971,12.2265892886103
-0.575240998404202,-4.27762846290237,-1.28357505530454,-3.44353702318648,5.9727960106789,10.5854939463483
-0.703598503934656,-4.67098216522102,-1.28357505530454,-4.42353702318648,6.89268434847262,7.61766294539917
-0.83195600946511,-5.16233586753967,-1.28357505530454,-5.40353702318648,7.46436822265149,3.69507016228544
-0.960313514995564,-5.75168956985831,-1.28357505530454,-6.38353702318648,7.61619548498485,-0.690645208220307
-1.08867102052602,-6.43904327217696,-1.28357505530454,-7.36353702318647,7.32913682575369,-4.9897983804569
-1.21163652852729,-7.19244772893253,-0.909334944516642,-6.12481292023232,6.70389864692512,-4.17217278818593
-1.20764069332976,-7.28812116841776,0.743892118803382,2.7663968784821,7.26818311094463,12.4007753184626
-1.13206041741529,-7.05328955480308,0.756077715940271,1.8599766917247,8.29890000594668,7.85300979404692
-1.05645264582126,-6.91629188563061,0.756077715940271,0.879976691724695,8.80550065480504,2.1718276933836
-0.980844874227238,-6.87729421645814,0.756077715940271,-0.100023308275305,8.72415350686497,-3.78156100050216
-0.90523710263321,-6.93629654728567,0.756077715940271,-1.0800233082753,8.06505422824228,-9.26098675500853
-0.829451589661843,-7.09179312692416,0.790571800108886,-1.7669055045123,6.91384315561489,-12.9895515434772
-0.698437711132755,-6.85063042550431,1.89798674835823,7.40477465711521,6.39789127958593,4.4177051002445
-0.495681594379624,-6.02971516284654,2.04422821971905,7.88749392159352,6.94308716482153,4.1035134590169
-0.291258772407719,-5.28996577068719,2.04422821971905,6.90749392159353,7.1675693812634,0.338639830316968
-0.0868359504358146,-4.64821637852784,2.04422821971905,5.92749392159353,7.00939434645493,-3.46867731024751
0.11758687153609,-4.10446698636849,2.04422821971905,4.94749392159353,6.48838696985108,-6.84124687079355
0.322009693507995,-3.65871759420913,2.04422821971905,3.96749392159353,5.6698478475819,-9.35636696134727
0.526432515479899,-3.31096820204978,2.04422821971905,2.98749392159353,4.65636879511775,-10.6988043460422
0.730855337451804,-3.06121880989043,2.04422821971905,2.00749392159353,3.57497447518045,-10.7003042833669
0.924361687372139,-2.87291813780766,1.45620838608598,2.94961165065867,2.63735129811776,-5.35376439285387
1.02980363526355,-0.947657390179719,0,0,1.82951851887026,0
1.02980363526355,-0.996657390179719,0,-0.98,1.97271289534949,2.83359359361989
1.02980363526355,-1.14365739017972,0,-1.96,2.3843487200497,5.31203799133782
1.02980363526355,-1.38865739017972,0,-2.94,3.01283350896929,7.12469671485636
1.02980363526355,-1.73165739017972,0,-3.92,3.7793959563321,8.04437970789041
1.02980363526355,-2.17265739017972,0,-4.9,4.58795875684542,7.9558182614273
1.02980363526355,-2.71165739017972,0,-5.88,5.3371804799453,6.87011224758686
1.02980363526355,-3.34865739017972,0,-6.85999999999999,5.93315722456253,4.92333891423801
1.02980363526355,-4.08365739017972,0,-7.83999999999999,6.30119208917961,2.3594976074637
1.02980363526355,-4.91665739017972,0,-8.82,6.39515732756361,-0.500071950444961
1.02980363526355,-5.84765739017972,0,-9.8,6.20327578193332,-3.2969648593222
1.00172379961998,-6.70126881347922,-0.938081436435414,-4.80084825375221,6.10330425122534,6.33023179897228
0.856326253430378,-6.87280414703634,-1.61919659214807,-1.0308176622304,7.31111602385553,12.7060703784659
0.694406594215571,-7.02488591325938,-1.61919659214807,-2.0108176622304,8.35474415507544,7.94570422160816
0.532486935000764,-7.27496767948242,-1.61919659214807,-2.9908176622304,8.86692017354608,2.18946114325789
0.370567275785956,-7.62304944570546,-1.61919659214807,-3.9708176622304,8.783450363736,-3.84119862137654
0.208647616571149,-8.0691312119285,-1.61919659214807,-4.9508176622304,8.11479643614121,-9.39042074978118
0.0416450641864638,-8.28816646771747,-1.73037138941336,2.86740882288869,7.59071366138124,3.62426625169007
-0.131807443394075,-7.74962605993479,-1.73376038062081,5.62945354871582,8.32046140400345,6.25803103534355
-0.305183481456156,-7.23568070506321,-1.73376038062081,4.64945354871582,8.66955889137785,0.6500642980565
-0.478559519518237,-6.81973535019163,-1.73376038062081,3.66945354871582,8.44774687851102,-5.03937841837749
-0.651935557580318,-6.50178999532004,-1.73376038062081,2.68945354871582,7.68282623218512,-10.0972093196301
-0.825311595642399,-6.28184464044846,-1.73376038062081,1.70945354871583,6.47066848213607,-13.8895038438114
-0.965786477666893,-5.93725417409079,-0.728779516560546,7.33995595436683,5.41085702974976,-2.70201766522971
-0.993199567137015,-4.98270470426606,-0.154327365581599,9.74911368679965,5.60389752998512,2.4531242354982
-1.00863230369517,-4.0567933355861,-0.154327365581599,8.76911368679965,5.75072682120036,0.45239865745626
-1.02406504025334,-3.22888196690613,-0.154327365581599,7.78911368679964,5.69247919485009,-1.60502842489037
-1.0394977768115,-2.49897059822617,-0.154327365581599,6.80911368679964,5.43645513245284,-3.46128884882956
-1.05493051336966,-1.8670592295462,-0.154327365581599,5.82911368679965,5.01474347698784,-4.88372772751829
-1.07036324992782,-1.33314786086624,-0.154327365581599,4.84911368679965,4.4801995693445,-5.694063311215
-1.08579598648598,-0.897236492186274,-0.154327365581599,3.86911368679965,3.89982061031688,-5.79073197711808
-1.10122872304414,-0.559325123506309,-0.154327365581599,2.88911368679965,3.34634854887899,-5.16161773265337
-1.1166614596023,-0.319413754826344,-0.154327365581599,1.90911368679965,2.88915295094107,-3.88557077657852
-1.13209419616046,-0.177502386146379,-0.154327365581599,0.929113686799651,2.58553654662138,-2.1225247886505
-1.14752693271862,-0.133591017466414,-0.154327365581599,-0.0508863132003487,2.47355317754529,-0.0934515999464232
-1.16295966927678,-0.187679648786449,-0.154327365581599,-1.03088631320035,2.56723830862886,1.94733436951287
-1.17839240583494,-0.339768280106483,-0.154327365581599,-2.01088631320035,2.85484988940804,3.74405067526148
-1.1938251423931,-0.589856911426518,-0.154327365581599,-2.99088631320035,3.30034004700669,5.07150540811971
-1.20925787895127,-0.937945542746553,-0.154327365581599,-3.97088631320035,3.84787315573715,5.76332168116372
-1.22469061550943,-1.38403417406659,-0.154327365581599,-4.95088631320035,4.42882400988215,5.73279052046214
-1.24012335206759,-1.92812280538662,-0.154327365581599,-5.93088631320034,4.97037898184339,4.98373855705327
-1.25555608862575,-2.57021143670666,-0.154327365581599,-6.91088631320034,5.40466213724431,3.61004841513969
-1.27098882518391,-3.31030006802669,-0.154327365581599,-7.89088631320034,5.67724248295856,1.78389190877194
-1.28642156174207,-4.14838869934673,-0.154327365581599,-8.87088631320035,5.75395608990214,-0.265849157600475
-1.30185429830023,-5.08447733066676,-0.154327365581599,-9.85088631320035,5.62518803804158,-2.28226995009166
-1.29252443153928,-6.01032008738348,0.824533542250276,-6.4702927710548,5.52845234677225,4.87536180691562
-1.13191975857208,-6.3276782837905,1.91315622139757,-2.12894535058304,6.68056197570557,13.3092376789856
-0.940604136432324,-6.5895728188488,1.91315622139757,-3.10894535058303,7.82275685254288,9.29301923614613
-0.749288514292567,-6.9494673539071,1.91315622139757,-4.08894535058303,8.50017638465082,4.11205779126594
-0.55797289215281,-7.40736188896541,1.91315622139757,-5.06894535058303,8.62791601739536,-1.5842894947818
-0.366657270013053,-7.96325642402371,1.91315622139757,-6.04894535058303,8.18996547042858,-7.08206944162576
-0.168672533383363,-8.40319786410542,2.10712066903385,-0.0613572611759865,7.66730048445338,2.13020046858269
0.0478922469521263,-8.05982109033704,2.18014877301068,4.27975664188248,8.43955386264119,7.83992317594422
0.265907124253194,-7.6808454261488,2.18014877301068,3.29975664188248,8.93605885854952,1.98513706999681
0.483922001554263,-7.39986976196055,2.18014877301068,2.31975664188248,8.82825251096595,-4.11845671095384
0.701936878855331,-7.2168940977723,2.18014877301068,1.33975664188248,8.12964675672997,-9.70586264033478
0.919607325735706,-7.12918335951954,2.12680083385092,0.779969081413194,6.93331354986466,-13.2299515407821
1.0704184029048,-6.6609548040783,0.781937722726375,9.04710577416489,6.34046056720062,2.44672710048798
1.13243217417136,-5.70664894680635,0.600727501179936,9.16991133296386,6.63691142872015,1.65525613817971
1.19250492428935,-4.83865781350996,0.600727501179936,8.18991133296385,6.64089112882877,-1.57650407366357
1.25257767440735,-4.06866668021358,0.600727501179936,7.20991133296385,6.32822493452339,-4.61067273412425
1.31265042452534,-3.39667554691719,0.600727501179936,6.22991133296386,5.73810094523492,-7.06696151875193
1.37272317464333,-2.82268441362081,0.600727501179936,5.24991133296386,4.94448250586231,-8.63751082882663
1.43279592476133,-2.34669328032442,0.600727501179936,4.26991133296386,4.04683799155018,-9.12547545486763
1.49286867487932,-1.96870214702803,0.600727501179936,3.28991133296386,3.15767391281453,-8.4696962225645
1.55294142499732,-1.68871101373165,0.600727501179936,2.30991133296386,2.38843388255398,-6.75236539392048
1.56717483571408,-1.46117326140816,-0.840973396800629,2.73677728108852,1.96416052330939,-0.195700504503549
1.43703040986967,-1.19432736389144,-1.38351034402709,2.2528220302888,2.20266186547018,3.88585897238006
1.29867937546696,-1.01804516086256,-1.38351034402709,1.2728220302888,2.70290644850815,6.01320187539351
1.16032834106425,-0.939762957833683,-1.38351034402709,0.292822030288803,3.38007347935967,7.38687854499642
1.02197730666154,-0.959480754804802,-1.38351034402709,-0.687177969711197,4.14929005069461,7.83471885571357
0.883626272258833,-1.07719855177592,-1.38351034402709,-1.6671779697112,4.91414620189747,7.30059262480428
0.745275237856123,-1.29291634874704,-1.38351034402709,-2.6471779697112,5.57877848675319,5.85144470345329
0.606924203453414,-1.60663414571816,-1.38351034402709,-3.6271779697112,6.05988504361012,3.66890442628114
0.468573169050705,-2.01835194268928,-1.38351034402709,-4.60717796971119,6.29716625604672,1.02652105107869
0.330222134647996,-2.5280697396604,-1.38351034402709,-5.58717796971119,6.2608824211038,-1.74452160912943
0.191871100245287,-3.13578753663152,-1.38351034402709,-6.56717796971119,5.95558118274664,-4.29691419610821
0.0535200658425781,-3.84150533360264,-1.38351034402709,-7.54717796971119,5.41952755172213,-6.31075191587206
-0.084830968560131,-4.64522313057376,-1.38351034402709,-8.52717796971119,4.71990795040174,-7.53362988990509
-0.21353434961346,-5.22417591067306,-1.09832744983049,-0.857739616645737,4.58606343491914,9.28681546642168
-0.312961895127232,-5.12182853293802,-0.973056459367071,0.997256685600977,5.93306537074328,13.541624716389
-0.410267541063939,-5.07110286437792,-0.973056459367071,0.0172566856009771,7.14485529568283,10.4378097618784
-0.507573187000646,-5.11837719581782,-0.973056459367071,-0.962743314399023,7.97683484523222,6.02576918467628
-0.604878832937353,-5.26365152725772,-0.973056459367071,-1.94274331439902,8.3247276444496,0.858487247127724
-0.70218447887406,-5.50692585869763,-0.973056459367071,-2.92274331439902,8.14493045815563,-4.41639341453172
-0.799490124810768,-5.84820019013753,-0.973056459367071,-3.90274331439902,7.4599782138292,-9.1377442497844
-0.896795770747475,-6.28747452157743,-0.973056459367071,-4.88274331439902,6.35571958057798,-12.7138135140181
-0.936107680746525,-6.42288710242083,0.510338490045531,4.38604623916427,5.7768710797562,5.7393253978165
-0.848063077511429,-5.77979304863839,0.950588555168982,6.42086448457639,6.73895055708328,9.13647272731242
-0.75300422199453,-5.18670660018075,0.950588555168982,5.44086448457639,7.46896341168303,5.30934420440889
-0.657945366477632,-4.69162015172311,0.950588555168982,4.46086448457639,7.7785437152136,0.816767633867963
-0.562886510960733,-4.29453370326547,0.950588555168982,3.48086448457639,7.6288901391835,-3.77817872212671
-0.467827655443835,-3.99544725480783,0.950588555168982,2.50086448457639,7.03875955377689,-7.89958605749994
-0.372768799926936,-3.79436080635019,0.950588555168982,1.52086448457639,6.08211613062268,-11.0308967034686
-0.277709944410038,-3.69127435789256,0.950588555168982,0.540864484576392,4.87886102394584,-12.7796470193723
-0.182639829235878,-3.68596583258176,0.954535248822148,-0.360666486297592,3.58024922661649,-12.7695327329245
-0.0738203420534186,-3.4243068503261,1.22242214088515,6.41525655234845,3.05172615012031,3.95640183767579
0.0500662696164571,-2.74244453489464,1.24054925443246,6.43037170595947,3.68129081353049,6.91560864073233
0.174121195059703,-2.14840736429869,1.24054925443246,5.45037170595947,4.38549243871495,7.01944427797939
0.298176120502949,-1.65237019370275,1.24054925443246,4.47037170595947,5.05572915554589,6.2434960265259
1.16138796874313,-1.03889683582529,0,0,1.98495736758623,0
1.16138796874313,-1.08789683582529,0,-0.98,2.11841075963895,2.64083468963812
1.16138796874313,-1.23489683582529,0,-1.96,2.50204451989792,4.95067967113787
1.16138796874313,-1.47989683582529,0,-2.94,3.08777581044918,6.64002991823087
1.16138796874313,-1.82289683582529,0,-3.92,3.80219184644236,7.49715027484907
1.16138796874313,-2.26389683582529,0,-4.9,4.55575110672383,7.41461333641482
1.16138796874313,-2.80289683582529,0,-5.88,5.25400604386356,6.40276389175406
1.16138796874313,-3.43989683582529,0,-6.85999999999999,5.80944069227134,4.58842235627566
1.16138796874313,-4.17489683582529,0,-7.83999999999999,6.15243950468587,2.1989897019594
1.16138796874313,-5.00789683582529,0,-8.82,6.24001263503996,-0.46605390308036
1.16138796874313,-5.93889683582529,0,-9.8,6.06118408208769,-3.07268451997491
1.10906592897723,-6.67931769543225,-1.3252473716278,-3.29482334323515,6.22087802662848,9.71235878160879
0.942401039593185,-6.84658061785656,-1.73767015631939,-1.7154444547896,7.46115761938263,11.4497933595862
0.768634023961247,-7.06712506333552,-1.73767015631939,-2.6954444547896,8.37239069141268,6.58208930897214
0.594867008329308,-7.38566950881448,-1.73767015631939,-3.67544445478959,8.74995991743715,0.889417369407542
0.42109999269737,-7.80221395429344,-1.73767015631939,-4.65544445478959,8.54654255954245,-4.91472992924633
0.246701155864837,-8.29815665332189,-1.78718431122459,-4.11518522300143,7.8248278296055,-7.06504443882261
0.0561361731582541,-8.22163668470332,-1.97944914545289,4.96469809997245,7.96395099508073,8.45184259389558
-0.14201653062475,-7.73572826599666,-1.98164428753494,4.39438082054184,8.62561788505742,3.92252724514475
-0.340180959378245,-7.34529018394247,-1.98164428753494,3.41438082054184,8.72694093509782,-1.91750195966757
-0.538345388131739,-7.05285210188829,-1.98164428753494,2.43438082054184,8.25016249140794,-7.51720055363791
-0.736509816885233,-6.85841401983411,-1.98164428753494,1.45438082054184,7.2550397052149,-12.1747288455538
-0.920731207670163,-6.65246065041836,-1.40181403596014,4.90926628971033,6.08639299869267,-6.41086637087323
-1.0024573382364,-5.81070866149123,-0.56074458280003,9.61414821383902,6.13311140857479,2.65484118607286
-1.0585317965164,-4.89829384010733,-0.56074458280003,8.63414821383901,6.26652465675745,-0.0148008806196163
-1.1146062547964,-4.08387901872343,-0.56074458280003,7.65414821383901,6.13021333044128,-2.6825878750307
-1.17068071307641,-3.36746419733953,-0.56074458280003,6.67414821383901,5.74126204544441,-5.0141520148665
-1.22675517135641,-2.74904937595563,-0.56074458280003,5.69414821383901,5.14842011303771,-6.71726609745508
-1.28282962963641,-2.22863455457172,-0.56074458280003,4.71414821383901,4.42599153223256,-7.57846987279852
-1.33890408791641,-1.80621973318782,-0.56074458280003,3.73414821383902,3.66452207858707,-7.48982413996291
-1.39497854619641,-1.48180491180392,-0.56074458280003,2.75414821383902,2.95945072569016,-6.46243933512197
-1.45105300447642,-1.25539009042002,-0.56074458280003,1.77414821383902,2.39914777638786,-4.6250830021254
-1.50712746275642,-1.12697526903612,-0.56074458280003,0.794148213839017,2.05383894771024,-2.20804067863323
-1.56320192103642,-1.09656044765222,-0.56074458280003,-0.185851786160983,1.96680361221838,0.485747002116221
-1.61927637931642,-1.16414562626831,-0.56074458280003,-1.16585178616098,2.14895036649811,3.11865345499005
-1.67535083759642,-1.32973080488441,-0.56074458280003,-2.14585178616098,2.57744979935195,5.36068265951189
-1.73142529587643,-1.59331598350051,-0.56074458280003,-3.12585178616098,3.19859582203006,6.93082929759943
-1.78749975415643,-1.95490116211661,-0.56074458280003,-4.10585178616098,3.93453693494723,7.63229862876859
-1.84357421243643,-2.41448634073271,-0.56074458280003,-5.08585178616098,4.69303376579101,7.37717181052001
-1.89964867071643,-2.97207151934881,-0.56074458280003,-6.06585178616098,5.37901991543077,6.19742522951003
-1.95572312899644,-3.6276566979649,-0.56074458280003,-7.04585178616098,5.90651712997401,4.24092273274527
-2.01179758727644,-4.381241876581,-0.56074458280003,-8.02585178616097,6.2094114077567,1.75288307355491
-2.06787204555644,-5.2328270551971,-0.56074458280003,-9.00585178616098,6.24973941507308,-0.954854645141888
-2.11621836187794,-6.16054911535635,-0.0154401181184271,-8.42870775454705,6.06877361218075,-0.249282495285222
-1.97898417789151,-6.63052755350372,2.4065198826685,-1.92691375385566,6.800680757129,12.6911070843715
-1.73545922508435,-6.86254345556398,2.43627890157929,-2.80668274675387,7.89462220355635,8.7615500207183
-1.49183133492642,-7.19221173023936,2.43627890157929,-3.78668274675387,8.51550608883573,3.52477464633083
-1.24820344476849,-7.61988000491475,2.43627890157929,-4.76668274675387,8.58478872225972,-2.15377928229945
-1.00454658917526,-8.14531629199205,2.44659211230711,-5.66378635877371,8.09425410960604,-7.3953294057607
-0.719795271283104,-8.38709176751674,3.34410360674361,2.1903387740254,7.86629564219596,5.61992316908156
-0.369304469337195,-8.0164815678068,3.53503334302668,3.60958567083566,8.57759693036899,5.21357207662514
-0.0158011350345275,-7.70452300072323,3.53503334302668,2.62958567083567,8.8083254937204,-0.647813314436626
0.33770219926814,-7.49056443363967,3.53503334302668,1.64958567083567,8.45075220835077,-6.42800485384905
0.691205533570808,-7.3746058665561,3.53503334302668,0.669585670835666,7.5496936157197,-11.4025407197665
1.02070218415813,-7.15677030975469,2.75217545358189,5.86873381890549,6.61864067682223,-2.60662097335951
1.24921547308414,-6.3135071711442,2.13657286707153,8.87007001689745,6.81584881453554,2.1985077605284
1.4628727597913,-5.47550016945445,2.13657286707153,7.89007001689744,6.86180047187046,-1.28919606060416
1.67653004649845,-4.73549316776471,2.13657286707153,6.91007001689744,6.56341850437157,-4.61531815548647
1.8901873332056,-4.09348616607497,2.13657286707153,5.93007001689745,5.95810069415625,-7.36297813942796
2.10384461991276,-3.54947916438522,2.13657286707153,4.95007001689745,5.12171470765396,-9.18779732806131
2.31750190661991,-3.10347216269548,2.13657286707153,3.97007001689745,4.15908920174045,-9.86106153002135
2.49288585658747,-2.71092578273531,0.472204597769043,4.88660533868964,3.30800542354319,-4.27619139574972
2.38069137749979,-2.10573826028048,-1.7375967037854,6.18075342899509,3.39360602269918,3.11256912628135
2.20693170712125,-1.53666291738098,-1.7375967037854,5.20075342899509,3.74351016478881,3.811488646486
2.0331720367427,-1.06558757448147,-1.7375967037854,4.22075342899509,4.13991241512403,4.03269423801065
1.85941236636416,-0.692512231581957,-1.7375967037854,3.2407534289951,4.53312959374345,3.7484610400589
1.68565269598563,-0.417436888682448,-1.7375967037854,2.2607534289951,4.87387772248472,2.9944134950122
1.51189302560709,-0.240361545782938,-1.7375967037854,1.2807534289951,5.11944904530704,1.86506034960447
1.33813335522855,-0.161286202883428,-1.7375967037854,0.300753428995097,5.23906481609011,0.501949376374527
1.16437368485001,-0.180210859983919,-1.7375967037854,-0.679246571004903,5.21773296084811,-0.924073553512102
0.990614014471468,-0.297135517084409,-1.7375967037854,-1.6592465710049,5.05812711325025,-2.23427748231185
0.816854344092927,-0.512060174184899,-1.7375967037854,-2.6392465710049,4.78025151404732,-3.26444765714536
0.643094673714387,-0.824984831285389,-1.7375967037854,-3.6192465710049,4.41893377431061,-3.88546742909853
0.469335003335847,-1.23590948838588,-1.7375967037854,-4.5992465710049,4.01945974766879,-4.01950112226063
0.295575332957307,-1.74483414548637,-1.7375967037854,-5.5792465710049,3.63189761597179,-3.64974958856836
0.121815662578767,-2.35175880258686,-1.7375967037854,-6.5592465710049,3.30482258059339,-2.82255573343143
-0.0519440077997734,-3.05668345968735,-1.7375967037854,-7.5392465710049,3.07922867683335,-1.64159611553378
-0.218428339944867,-3.6714725207235,-1.52352460758761,-3.70024566685135,3.35737172645601,9.26688792571454
-0.364177931351139,-3.98732227406117,-1.44621674538061,-3.47935485879139,4.51551363302815,11.9188113948344
-0.5087996058892,-4.3842577599403,-1.44621674538061,-4.45935485879139,5.65726114208819,10.6745928087967
-0.653421280427261,-4.87919324581944,-1.44621674538061,-5.43935485879139,6.60564627896376,8.09247133478549
-0.798042954965322,-5.47212873169858,-1.44621674538061,-6.41935485879139,7.24180294391181,4.49607784465271
-0.942664629503383,-6.16306421757772,-1.44621674538061,-7.39935485879139,7.48599827456895,0.336167259274134
-1.08728630404144,-6.95199970345686,-1.44621674538061,-8.37935485879139,7.30762598515772,-3.86587693762415
-1.20531226139991,-7.66962375859187,-0.518052183452935,-3.45220059316959,7.07038212368015,4.28696251167168
-1.19574688576759,-7.67296834941354,0.317387752593758,0.890129572853201,8.0857026928503,10.7411252392079
-1.16400811050822,-7.63295539212822,0.317387752593758,-0.0898704271467986,8.88841682310037,5.14333665913409
-1.13226933524884,-7.6909424348429,0.317387752593758,-1.0698704271468,9.09279083685952,-1.09909336935194
-1.10053055998946,-7.84692947755758,0.317387752593758,-2.0498704271468,8.67320946354192,-7.20376824220376
-1.06680474890161,-8.08602463855898,0.490544512203864,-1.7273174569782,7.71228652868101,-9.7807843839332
-0.950809578527978,-7.78786252456195,1.75143564791801,7.18432999218746,7.56702466274455,5.87999017032076
-0.770208490387561,-7.07345162875317,1.80999761301961,6.68708035742738,8.01527825447268,2.14950799527827
-0.589208729085599,-6.45374359301044,1.80999761301961,5.70708035742738,7.98126732441348,-2.82253130698702
-0.408208967783638,-5.9320355572677,1.80999761301961,4.72708035742738,7.46261409809225,-7.44080790792198
-0.227209206481677,-5.50832752152496,1.80999761301961,3.74708035742738,6.52432411359927,-11.1264888990908
-0.0462094451797153,-5.18261948578222,1.80999761301961,2.76708035742738,5.28399819211423,-13.417628487291
0.132939187140873,-4.76098774974809,1.72779493412005,7.39849970496643,4.2827521820793,-2.92068585839123
0.298676819810771,-3.86903641168743,1.63894727624032,8.89349914295682,4.38273509460185,1.7963750258646
0.462571547434804,-3.02868649739175,1.63894727624032,7.91349914295681,4.54179453785073,1.35116351942464
0.626466275058836,-2.28633658309607,1.63894727624032,6.93349914295681,4.64729890818294,0.736603579081099
1.15982924026003,-0.880823312305867,0,0,1.86986580623722,0
1.15982924026003,-0.929823312305867,0,-0.98,2.01053171379674,2.7835591334078
1.15982924026003,-1.07682331230587,0,-1.96,2.41489903805313,5.21824015310119
1.15982924026003,-1.32182331230587,0,-2.94,3.0322862944134,6.99889167523976
1.15982924026003,-1.66482331230587,0,-3.92,3.78531308925391,7.90233527451377
1.15982924026003,-2.10582331230587,0,-4.9,4.57959861183917,7.81533761058439
1.15982924026003,-2.64482331230587,0,-5.88,5.31559087797709,6.74880255847743
1.15982924026003,-3.28182331230586,0,-6.85999999999999,5.90104410405482,4.83640456854717
1.15982924026003,-4.01682331230586,0,-7.83999999999999,6.26258035650965,2.31783454419768
1.15982924026003,-4.84982331230586,0,-8.82,6.35488639436757,-0.491241880330445
1.15982924026003,-5.78082331230586,0,-9.8,6.16639301618016,-3.23874837498025
1.12875499301123,-6.63920477360685,-1.04587484736702,-4.91938485633814,6.06609495878841,6.23522044146198
0.965600148767916,-6.82305509741793,-1.82124963223331,-1.14155459985609,7.26816558073716,12.7071936243948
0.783475185544585,-6.98621055740354,-1.82124963223331,-2.12155459985609,8.31459528275,8.00001969643112
0.601350222321253,-7.24736601738915,-1.82124963223331,-3.10155459985609,8.83460494145129,2.29016120269878
0.419225259097922,-7.60652147737476,-1.82124963223331,-4.08155459985609,8.76301900995752,-3.70673524566618
0.237100295874591,-8.06367693736037,-1.82124963223331,-5.06155459985609,8.10880972976087,-9.23904706024532
0.0491671553860706,-8.29420658933554,-1.94860438164347,2.73710720179239,7.59910386186452,3.73501265219367
-0.146241522070662,-7.76965921968679,-1.95343070803187,5.48739364754787,8.33727228588078,6.32894015495328
-0.341584592873848,-7.269919854932,-1.95343070803187,4.50739364754787,8.69225843526916,0.695682624354682
-0.536927663677035,-6.86818049017721,-1.95343070803187,3.52739364754788,8.47349003113211,-5.02476847027583
-0.732270734480222,-6.56444112542242,-1.95343070803187,2.54739364754788,7.70838646875367,-10.1154388913999
-0.927613805283408,-6.35870176066764,-1.95343070803187,1.56739364754788,6.49284220370127,-13.9382881272957
-1.08046114969333,-5.98993772227422,-0.749506313135872,7.7663941231622,5.50482720867522,-1.62389080463679
-1.1115032884193,-5.02681996727083,-0.20880289575856,9.67472738042965,5.73063614748109,2.37949722410507
-1.13238357799516,-4.10834722922786,-0.20880289575856,8.69472738042965,5.86231478197752,0.226217779219648
-1.15326386757102,-3.2878744911849,-0.20880289575856,7.71472738042965,5.77493059259216,-1.95541473030264
-1.17414415714687,-2.56540175314194,-0.20880289575856,6.73472738042965,5.47943589961002,-3.89196482197485
-1.19502444672273,-1.94092901509897,-0.20880289575856,5.75472738042965,5.01286660784172,-5.34071448240175
-1.21590473629858,-1.41445627705601,-0.20880289575856,4.77472738042965,4.43370030178203,-6.12008429311596
-1.23678502587444,-0.98598353901304,-0.20880289575856,3.79472738042965,3.81452694222808,-6.13239173459084
-1.25766531545029,-0.655510800970075,-0.20880289575856,2.81472738042965,3.23295078451355,-5.37609425043144
-1.27854560502615,-0.423038062927109,-0.20880289575856,1.83472738042965,2.76186382882278,-3.94598258408355
-1.299425894602,-0.288565324884144,-0.20880289575856,0.854727380429652,2.46030988223937,-2.02130015615391
-1.32030618417786,-0.252092586841179,-0.20880289575856,-0.125272619570347,2.36608428770747,0.156722456700424
-1.34118647375371,-0.313619848798214,-0.20880289575856,-1.10527261957035,2.49099683481539,2.31510221933652
-1.36206676332957,-0.473147110755248,-0.20880289575856,-2.08527261957035,2.81939157672531,4.1833180383941
-1.38294705290542,-0.730674372712283,-0.20880289575856,-3.06527261957035,3.31010907236957,5.5272165944503
-1.40382734248128,-1.08620163466932,-0.20880289575856,-4.04527261957034,3.90164511579035,6.17836000969068
-1.42470763205713,-1.53972889662635,-0.20880289575856,-5.02527261957034,4.51985938191584,6.05513705347957
-1.44558792163299,-2.09125615858339,-0.20880289575856,-6.00527261957034,5.08726782363878,5.17299190734475
-1.46646821120884,-2.74078342054042,-0.20880289575856,-6.98527261957034,5.53275415517281,3.64248846443602
-1.4873485007847,-3.48831068249745,-0.20880289575856,-7.96527261957034,5.80048323037421,1.65545277499231
-1.50822879036056,-4.33383794445449,-0.20880289575856,-8.94527261957034,5.85689915542064,-0.539069521952227
-1.52910907993641,-5.27736520641152,-0.20880289575856,-9.92527261957035,5.6949310255605,-2.66602739902473
-1.50216466340414,-6.13748459210895,1.29329854392902,-5.08304826604082,5.70829156418465,7.46262895263998
-1.30266036340194,-6.39821436562049,2.19838922251312,-2.21735390443704,6.94005209891774,12.6127912949323
-1.08282144115063,-6.66894975606419,2.19838922251312,-3.19735390443704,7.99780169802735,8.31842515143375
-0.862982518899318,-7.03768514650789,2.19838922251312,-4.17735390443704,8.56883666081252,2.98146701099059
-0.643143596648006,-7.5044205369516,2.19838922251312,-5.15735390443704,8.58158617052378,-2.72917407879322
-0.423303588133793,-8.06913557554822,2.19907280825276,-6.12444460324576,8.03449302565375,-8.07189946858435
-0.189092572387268,-8.36271478621887,2.5152923391757,2.08681777631765,7.72940958562659,5.71068425307603
0.0668790391927818,-7.95468056394438,2.56761018171943,4.1228580347723,8.55121836300323,6.64033811205505
0.323640057364725,-7.59139476046715,2.56761018171943,3.1428580347723,8.92328356955675,0.722252596988722
0.580401075536668,-7.32610895698992,2.56761018171943,2.1628580347723,8.69263862681423,-5.28635663659585
0.837162093708612,-7.15882315351269,2.56761018171943,1.1828580347723,7.88819147914171,-10.6323989752709
1.09041824617787,-7.06566189518396,2.30732483812419,1.94663678732742,6.65898018765555,-11.1258274481795
1.23899173155682,-6.42602362031426,0.802410659893755,9.77756961506936,6.40118441839344,3.8665452256821
1.31682102047316,-5.48485400161931,0.777385470070318,8.92634722736773,6.66122213680379,1.03560831909778
1.39455956748019,-4.64121927888254,0.777385470070318,7.94634722736773,6.60301344593774,-2.18746761387028
1.47229811448722,-3.89558455614577,0.777385470070318,6.96634722736773,6.23290626997169,-5.13637671998351
1.55003666149425,-3.247949833409,0.777385470070318,5.98634722736773,5.59728808883214,-7.44151670338606
1.62777520850128,-2.69831511067222,0.777385470070318,5.00634722736773,4.77582427387968,-8.81397223998324
1.70551375550831,-2.24668038793545,0.777385470070318,4.02634722736773,3.87147320770656,-9.08172625532306
1.78325230251535,-1.89304566519868,0.777385470070318,3.04634722736773,2.99758196826412,-8.21121972971482
1.85489600276505,-1.63187170799774,0.295788007099728,2.49945168693573,2.28013766358706,-5.01807430897583
1.75212231028486,-1.31986578033753,-1.81338641606071,3.26792773121365,2.24548255784055,2.89731508948405
1.57078366867879,-1.04207300721617,-1.81338641606071,2.28792773121365,2.64626302980589,5.03350597902467
1.38944502707272,-0.862280234094803,-1.81338641606071,1.30792773121365,3.23106536731777,6.53882107714896
1.20810638546665,-0.780487460973438,-1.81338641606071,0.327927731213654,3.92659321609875,7.22459132142896
1.02676774386058,-0.796694687852073,-1.81338641606071,-0.652072268786346,4.64567241089128,7.00486551853912
0.845429102254507,-0.910901914730707,-1.81338641606071,-1.63207226878635,5.29817697231233,5.90718305958766
0.664090460648436,-1.12310914160934,-1.81338641606071,-2.61207226878635,5.8023250701056,4.06912226333341
0.482751819042364,-1.43331636848798,-1.81338641606071,-3.59207226878634,6.09492917027567,1.7210569615227
0.301413177436294,-1.84152359536661,-1.81338641606071,-4.57207226878634,6.13931566122525,-0.842717465701405
0.120074535830223,-2.34773082224524,-1.81338641606071,-5.55207226878634,5.92992135047922,-3.30086967841978
-0.0612641057758482,-2.95193804912388,-1.81338641606071,-6.53207226878634,5.49299072886755,-5.34530652465721
-0.242602747381919,-3.65414527600251,-1.81338641606071,-7.51207226878634,4.88328661039344,-6.71978797635868
-0.423666138891906,-4.45139173373682,-1.76965898980412,-8.02544950446053,4.18317212224835,-6.31506691950211
-0.551541653163172,-4.82532708252738,-0.745046692631166,0.716607477247001,4.51187845660697,13.1672353861162
-0.618766002537298,-4.73966826962823,-0.666106899083494,0.419367801221021,5.90062154924424,13.1502080051417
-0.685376692445647,-4.74673148950612,-0.666106899083494,-0.560632198778979,7.07612408703393,10.1111556221852
-0.751987382353997,-4.85179470938402,-0.666106899083494,-1.54063219877898,7.88043069348487,5.80481889875747
-0.818598072262346,-5.05485792926192,-0.666106899083494,-2.52063219877898,8.21273338923685,0.77093367699505
-0.885208762170696,-5.35592114913982,-0.666106899083494,-3.50063219877898,8.03138292881342,-4.35957671921534
-0.951819452079045,-5.75498436901771,-0.666106899083494,-4.48063219877898,7.35910891971375,-8.94367842442224
-1.01842690995313,-6.25202776038345,-0.663898779275761,-5.44708107253279,6.28021118149975,-12.3793629783127
-1.01461446887792,-6.40990170131122,1.04302554494007,4.21596888048396,5.80875616701996,6.95863268392211
-0.874984167330014,-5.81293149569706,1.45703595137035,5.86674611823066,6.83088888573145,9.50096329314745
-0.72928057219298,-5.27525688387399,1.45703595137035,4.88674611823066,7.59082461827163,5.53698076903837
-0.583576977055945,-4.83558227205093,1.45703595137035,3.90674611823066,7.91505429346914,0.879019308791679
-0.43787338191891,-4.49390766022786,1.45703595137035,2.92674611823066,7.7629404999946,-3.88911426690251
-0.292169786781875,-4.25023304840479,1.45703595137035,1.94674611823066,7.15354846003052,-8.16980468638763
-0.146466191644841,-4.10455843658173,1.45703595137035,0.966746118230664,6.16325648466236,-11.4265304937782
-0.000762596507805512,-4.05688382475866,1.45703595137035,-0.0132538817693353,4.91618307822782,-13.2511091062802
0.144345988211331,-4.08648202801605,1.40699275220718,0.628977056668523,3.61006498201966,-10.1737926044977
0.263139838848065,-3.60065531443608,1.00335245843491,7.69301698205961,3.58026226270152,6.78885941409302
0.363441228741396,-2.87989035073827,1.00301389893331,6.71764963697812,4.2792955923091,7.0346309953639
0.463742618634727,-2.25712538704046,1.00301389893331,5.73764963697812,4.95767422726366,6.38942518255974
0.564044008528059,-1.73236042334264,1.00301389893331,4.75764963697812,5.53037339940212,4.94339908954735
1.16182787007328,-0.902058076132782,0,0,1.88617902763169,0
1.16182787007328,-0.951058076132782,0,-0.98,2.02582262425117,2.7633291928081
1.16182787007328,-1.09805807613278,0,-1.96,2.42725114729727,5.18031579681027
1.16182787007328,-1.34305807613278,0,-2.94,3.04015144759712,6.94802616239523
1.16182787007328,-1.68605807613278,0,-3.92,3.78770550534116,7.84490384750233
1.16182787007328,-2.12705807613278,0,-4.9,4.57621843673257,7.75853845236598
1.16182787007328,-2.66605807613278,0,-5.88,5.30686176680977,6.69975460643699
1.16182787007328,-3.30305807613278,0,-6.85999999999999,5.88806012226331,4.8012552606113
1.16182787007328,-4.03805807613278,0,-7.83999999999999,6.24696885485552,2.3009893280906
1.16182787007328,-4.87105807613278,0,-8.82,6.33860404450316,-0.48767170503226
1.16182787007328,-5.80205807613278,0,-9.8,6.15148057069407,-3.21521027713393
1.12812719122056,-6.64617774474254,-1.08961582047956,-4.67635752396481,6.08318445846967,6.75847011433197
0.963820980650225,-6.82522798672554,-1.81273447241615,-1.21962164659218,7.29626882492009,12.5423037132735
0.78254753340861,-6.99619015138476,-1.81273447241615,-2.19962164659218,8.32479427500385,7.81061235918255
0.601274086166995,-7.26515231604398,-1.81273447241615,-3.17962164659218,8.82562138840849,2.09997585758957
0.420000638925379,-7.6321144807032,-1.81273447241615,-4.15962164659218,8.73597886759411,-3.87386166855074
0.23872719522683,-8.09707684011351,-1.81282567323738,-5.13652676393322,8.06710169186826,-9.35597548540424
0.0505104298031676,-8.29047345098535,-1.9551915461094,3.19903302596515,7.63668035287838,4.70765804337591
-0.145606344128427,-7.76234308586974,-1.96109327989118,5.34735755928876,8.38351883399139,6.02976950570658
-0.341715672117545,-7.27660732994086,-1.96109327989118,4.36735755928876,8.70631735134131,0.357910188353253
-0.537825000106664,-6.88887157401199,-1.96109327989118,3.38735755928876,8.45359923723512,-5.35880789622028
-0.733934328095782,-6.59913581808311,-1.96109327989118,2.40735755928876,7.65703898275491,-10.4038783882697
-0.930037299954969,-6.40735601265713,-1.95758520201683,1.45162867211516,6.4165626876437,-14.0959308389282
-1.07261450422812,-5.97870000897912,-0.629426187515047,8.51833935448213,5.56055297863334,0.00568295946655906
-1.10395347815976,-5.0045445174665,-0.256826237684875,9.55300670491439,5.81339300901828,2.12090942534348
-1.12963610192825,-4.09824384697506,-0.256826237684875,8.57300670491438,5.91456914773997,-0.118791286279302
-1.15531872569673,-3.28994317648362,-0.256826237684875,7.59300670491438,5.79013314794935,-2.34360326087149
-1.18100134946522,-2.57964250599218,-0.256826237684875,6.61300670491438,5.45568122830115,-4.27467910637226
-1.20668397323371,-1.96734183550074,-0.256826237684875,5.63300670491438,4.9531320078229,-5.66998692546599
-1.2323665970022,-1.45304116500931,-0.256826237684875,4.65300670491438,4.34547262480618,-6.35464544687887
-1.25804922077069,-1.03674049451787,-0.256826237684875,3.67300670491439,3.70886422731779,-6.24284281535744
-1.28373184453917,-0.718439824026428,-0.256826237684875,2.69300670491439,3.12309629574131,-5.34859184304099
-1.30941446830766,-0.498139153534989,-0.256826237684875,1.71300670491439,2.66158620733677,-3.78397370997753
-1.33509709207615,-0.37583848304355,-0.256826237684875,0.733006704914387,2.38217745001576,-1.74509024003982
-1.36077971584464,-0.351537812552112,-0.256826237684875,-0.246993295085612,2.31988979362082,0.51251457257794
-1.38646233961313,-0.425237142060673,-0.256826237684875,-1.22699329508561,2.48253007789129,2.70588323686405
-1.41214496338162,-0.596936471569234,-0.256826237684875,-2.20699329508561,2.84971374016205,4.56010931629777
-1.4378275871501,-0.866635801077795,-0.256826237684875,-3.18699329508561,3.37541971986354,5.84279289914003
-1.46351021091859,-1.23433513058636,-0.256826237684875,-4.16699329508561,3.99375852021662,6.39316850229197
-1.48919283468708,-1.70003446009492,-0.256826237684875,-5.14699329508561,4.62723048558322,6.14225465526227
-1.51487545845557,-2.26373378960348,-0.256826237684875,-6.12699329508561,5.19643924112209,5.12149971085337
-1.54055808222406,-2.92543311911204,-0.256826237684875,-7.10699329508561,5.63004285824295,3.45884025761783
-1.56624070599254,-3.6851324486206,-0.256826237684875,-8.0869932950856,5.87369551392822,1.36266615399292
-1.59192332976103,-4.54283177812916,-0.256826237684875,-9.06699329508561,5.89685893870728,-0.904298069235929
-1.61760304462059,-5.4985212443398,-0.254090237469012,-10.0377096305944,5.69665050517139,-3.03856517826446
-1.55958131176397,-6.24635784533319,1.75820669277217,-3.48315799932097,5.92759876905371,10.5670330652813
-1.34085991691614,-6.46757942388891,2.26657156001513,-2.37133425007671,7.20533962001036,11.76689526364
-1.11420276091463,-6.75371284889658,2.26657156001513,-3.35133425007671,8.16364918010629,7.19655775202565
-0.887545604913118,-7.13784627390425,2.26657156001513,-4.33133425007671,8.61445756623636,1.72423778806706
-0.660888448911604,-7.61997969891192,2.26657156001513,-5.3113342500767,8.50126259115563,-3.96418997100007
-0.433850487887833,-8.19344076602792,2.30985629452165,-5.51420916288876,7.85161244182688,-7.60019097586932
-0.181641424506589,-8.28351092358973,2.69501274348827,3.86013201727496,7.88519458762249,8.55689615547904
0.089596607240536,-7.85493913233847,2.7141052225776,3.89580594649266,8.66660358834221,5.27208720083142
0.361007129498296,-7.51435853768921,2.7141052225776,2.91580594649266,8.89748307579592,-0.70334188585733
0.632417651756055,-7.27177794303994,2.7141052225776,1.93580594649266,8.52888612560418,-6.59061743284258
0.903828174013815,-7.12719734839068,2.7141052225776,0.955805946492664,7.60701093315015,-11.6518562161153
1.16093046654694,-6.98719268614717,2.06956332286225,4.07514428825983,6.43590918128683,-6.99283979720139
1.28977616400748,-6.18616114768418,0.901287882597092,9.61783167256764,6.49353492385308,3.40091283834526
1.37990495226718,-5.27337798042741,0.901287882597092,8.63783167256763,6.67740335444346,0.237556910837976
1.47003374052689,-4.45859481317065,0.901287882597092,7.65783167256763,6.54004962125008,-2.95557327432915
1.5601625287866,-3.74181164591389,0.901287882597092,6.67783167256763,6.09868899043061,-5.77826590833224
1.65029131704631,-3.12302847865712,0.901287882597092,5.69783167256763,5.40863951235418,-7.87673806993599
1.74042010530602,-2.60224531140036,0.901287882597092,4.71783167256763,4.55638871925171,-8.98797720066883
1.83054889356573,-2.1794621441436,0.901287882597092,3.73783167256764,3.64875368769227,-8.97270585278509
1.92067768182544,-1.85467897688683,0.901287882597092,2.75783167256764,2.79949309228948,-7.8328380646878
1.95353570019281,-1.57814100500846,-0.992165549858211,3.38861020164103,2.26611642284094,-0.779647496843155
1.77603484820621,-1.22665384008135,-1.94497582317424,3.1565549671493,2.50188009282219,3.8789130260108
1.58153726588878,-0.959998343366422,-1.94497582317424,2.1765549671493,2.98269335481387,5.6356322549801
1.38703968357136,-0.791342846651492,-1.94497582317424,1.1965549671493,3.60536189937261,6.68600803789575
1.19254210125393,-0.720687349936562,-1.94497582317424,0.216554967149299,4.29184340123476,6.89839125066264
0.998044518936509,-0.748031853221632,-1.94497582317424,-0.763445032850701,4.95609752140602,6.24616278764626
0.803546936619085,-0.873376356506702,-1.94497582317424,-1.7434450328507,5.51486979560329,4.81106987424005
0.60904935430166,-1.09672085979177,-1.94497582317424,-2.7234450328507,5.89812635436161,2.77298025696159
0.414551771984236,-1.41806536307684,-1.94497582317424,-3.7034450328507,6.05783163642199,0.387338432275393
0.220054189666811,-1.83740986636191,-1.94497582317424,-4.6834450328507,5.97396893839484,-2.04685055633301
0.0255566073493871,-2.35475436964698,-1.94497582317424,-5.6634450328507,5.65704921352243,-4.22449699386363
-0.168940974968037,-2.97009887293205,-1.94497582317424,-6.64344503285069,5.14679367860489,-5.87266499321339
-0.363438557285462,-3.68344337621712,-1.94497582317424,-7.62344503285069,4.50715534487319,-6.78478098612533
-0.553183089937699,-4.45492114605126,-1.64156393925514,-6.09276881795997,3.89849139881288,-1.80051025805921
-0.652753758183191,-4.61458927898516,-0.598685531988666,0.888055350031527,4.72980971995208,14.1886913118359
-0.712622311382058,-4.57478374398201,-0.598685531988666,-0.0919446499684724,6.08035408164754,12.5364772710671
-0.772490864580924,-4.63297820897886,-0.598685531988666,-1.07194464996847,7.184507606666,9.31300056517093
-0.83235941777979,-4.7891726739757,-0.598685531988666,-2.05194464996847,7.90388092350085,4.92227649210738
-0.892227970978656,-5.04336713897255,-0.598685531988666,-3.03194464996847,8.14831118891126,-0.0853823953978206
-0.952096524177523,-5.3955616039694,-0.598685531988666,-4.01194464996847,7.88716267151298,-5.08233985793881
-1.01196507737639,-5.84575606896624,-0.598685531988666,-4.99194464996847,7.15316648919485,-9.44230092201636
-1.07060131710757,-6.3866327506431,-0.449886613057549,-5.08700199816979,6.05315408944976,-10.8252436625844
-1.0180730759514,-6.35404706764027,1.46667975198082,5.60468183891533,6.05682505160135,10.621812613751
-0.86107045062655,-5.77781866741322,1.57811410776424,5.32308019686232,7.10377345124277,8.88541508981969
-0.703259039850126,-5.29451064772699,1.57811410776424,4.34308019686232,7.78634461949336,4.62160478981005
-0.545447629073702,-4.90920262804076,1.57811410776424,3.36308019686232,8.00870417979432,-0.221455558015498
-0.387636218297278,-4.62189460835453,1.57811410776424,2.38308019686232,7.74298263837202,-5.03675971537133
-0.229824807520853,-4.43258658866829,1.57811410776424,1.40308019686232,7.02248427427962,-9.22078027338301
-0.0720133967444291,-4.34127856898206,1.57811410776424,0.423080196862322,5.93751293886338,-12.2491119185965
0.0857980140319951,-4.34797054929583,1.57811410776424,-0.556919803137678,4.62405379887244,-13.7421979104129
0.236038600418657,-4.26386871998442,1.30044214867438,4.69826030276484,3.62292138301398,-1.13195452567407
0.34707938883637,-3.53841098534592,1.05566301245325,7.58027366400159,4.1446253629225,6.97572866541602
0.452645690081695,-2.82938361894576,1.05566301245325,6.60027366400159,4.82567679332297,6.50121796978118
0.55821199132702,-2.2183562525456,1.05566301245325,5.62027366400159,5.41759269389279,5.2118754156438
0.663778292572345,-1.70532888614545,1.05566301245325,4.64027366400159,5.84618513006694,3.2693010900313
1.18026165514495,-0.882865888011194,0,0,1.88597148349991,0
1.18026165514495,-0.931865888011194,0,-0.98,2.02562808641847,2.76358656720131
1.18026165514495,-1.07886588801119,0,-1.96,2.42709399821391,5.18079828750965
1.18026165514495,-1.32386588801119,0,-2.94,3.04005138358466,6.94867329630249
1.18026165514495,-1.66686588801119,0,-3.92,3.78767506794884,7.84563451591955
1.18026165514495,-2.10786588801119,0,-4.9,4.57626144083892,7.75926107677556
1.18026165514495,-2.64686588801119,0,-5.88,5.30697282248385,6.70037861651911
1.18026165514495,-3.28386588801119,0,-6.85999999999999,5.88822531031309,4.80170244589875
1.18026165514495,-4.01886588801119,0,-7.83999999999999,6.2471674713935,2.30120364049815
1.18026165514495,-4.85186588801119,0,-8.82,6.33881119587346,-0.487717126406387
1.18026165514495,-5.78286588801119,0,-9.8,6.1516702935254,-3.21550973938989
1.14719404767063,-6.63363365466919,-1.08810501144442,-4.79271939512887,6.07013865322871,6.53353025269246
0.980711723889864,-6.81643349674371,-1.84584955651703,-1.20586795281588,7.27817931895527,12.6088704457863
0.796126768238161,-6.9860202920253,-1.84584955651703,-2.18586795281588,8.31435542635022,7.89544021407286
0.611541812586458,-7.25360708730688,-1.84584955651703,-3.16586795281588,8.82414155289848,2.19243291342721
0.426956856934755,-7.61919388258847,-1.84584955651703,-4.14586795281588,8.7436435207991,-3.78536354109636
0.242371901283052,-8.08278067787006,-1.84587249555639,-5.12510296635049,8.0829505720097,-9.28718980318366
0.0511851921880901,-8.29307605958957,-1.98483712558351,2.99473989193985,7.6226591334592,4.33871224314955
-0.147901792551844,-7.76851632119273,-1.99060955716629,5.37955884444395,8.36756607876054,6.1585496555972
-0.346962748268473,-7.27956043674833,-1.99060955716629,4.39955884444395,8.70397217992821,0.498402919714253
-0.546023703985101,-6.88860455230393,-1.99060955716629,3.41955884444395,8.46515558231304,-5.22421127670319
-0.74508465970173,-6.59564866785954,-1.99060955716629,2.43955884444395,7.68104842678435,-10.2920475831875
-0.944146116614257,-6.40069619004172,-1.99041168323091,1.46089234081629,6.44992010264245,-14.0672312143462
-1.09236644732094,-5.99203148900418,-0.675000513188175,8.29873682964592,5.55315391131493,-0.443315344420165
-1.12403033202975,-5.02029399424699,-0.246931013865954,9.5918995144386,5.8019516952553,2.21824288645153
-1.14872343341635,-4.11010404280313,-0.246931013865954,8.6118995144386,5.91337399583298,-0.0133691691974691
-1.17341653480294,-3.29791409135927,-0.246931013865954,7.63189951443859,5.79933395257578,-2.24330559649626
-1.19810963618954,-2.58372413991541,-0.246931013865954,6.65189951443859,5.4741248042011,-4.19207672876068
-1.22280273757613,-1.96753418847156,-0.246931013865954,5.6718995144386,4.97850672457596,-5.61543282526966
-1.24749583896273,-1.4493442370277,-0.246931013865954,4.6918995144386,4.37459813563616,-6.33497717654669
-1.27218894034932,-1.02915428558384,-0.246931013865954,3.7118995144386,3.73809007868964,-6.26052550270705
-1.29688204173592,-0.706964334139975,-0.246931013865954,2.7318995144386,3.14875945791192,-5.40140922381757
-1.32157514312251,-0.482774382696115,-0.246931013865954,1.7518995144386,2.68047018114803,-3.86530590391522
-1.34626824450911,-0.356584431252255,-0.246931013865954,0.7718995144386,2.39191540765977,-1.84474345529023
-1.3709613458957,-0.328394479808395,-0.246931013865954,-0.2081004855614,2.31926122562362,0.407030397872071
-1.3956544472823,-0.398204528364535,-0.246931013865954,-1.1881004855614,2.47161376598771,2.60778898939165
-1.42034754866889,-0.566014576920675,-0.246931013865954,-2.1681004855614,2.82987788316628,4.48169966428073
-1.44504065005549,-0.831824625476815,-0.246931013865954,-3.1481004855614,3.34915045011213,5.79389533686845
-1.46973375144208,-1.19563467403296,-0.246931013865954,-4.1281004855614,3.9643483035203,6.37991161855108
-1.49442685282868,-1.65744472258909,-0.246931013865954,-5.1081004855614,4.59836545916142,6.16630000505057
-1.51911995421527,-2.21725477114523,-0.246931013865954,-6.08810048556139,5.17173721062821,5.17983356395135
-1.54381305560187,-2.87506481970137,-0.246931013865954,-7.06810048556139,5.61259985914443,3.5441513252551
-1.56850615698846,-3.63087486825751,-0.246931013865954,-8.04810048556139,5.8656977690896,1.46426195114294
-1.59319925837505,-4.48468491681365,-0.246931013865954,-9.0281004855614,5.89930884757436,-0.799151078442021
-1.61789235976165,-5.43649496536979,-0.246931013865954,-10.0081004855614,5.70922044126913,-2.96240229809231
-1.56975222581144,-6.22144843143626,1.65063988692642,-3.92359849226037,5.86502762042596,9.69616523175305
-1.35244772301965,-6.45002859418509,2.28475051641717,-2.31259657261176,7.13618771839586,12.0214869839928
-1.12397267137793,-6.73028825144626,2.28475051641717,-3.29259657261176,8.1237559587137,7.52094972418152
-0.895497619736216,-7.10854790870744,2.28475051641717,-4.27259657261176,8.60882305242642,2.07777225915724
-0.667022568094499,-7.58480756596862,2.28475051641717,-5.25259657261175,8.53059298819315,-3.62582333658714
-0.438395400327466,-8.15639021860326,2.30840273210332,-5.80864255091607,7.90423216939248,-8.02607055923215
-0.187656758788397,-8.30855556766264,2.68774548532443,3.44469201723343,7.82858105330914,7.88844021093231
0.0836604780612507,-7.87923011947189,2.71628932795251,3.98849485756229,8.63142611371612,5.68733441031554
0.355289410856501,-7.52938063371566,2.71628932795251,3.0084948575623,8.90516371341673,-0.270493832854132
0.626918343651752,-7.27753114795943,2.71628932795251,2.0284948575623,8.57846222074218,-6.19441966051354
0.898547276447002,-7.1236816622032,2.71628932795251,1.0484948575623,7.69226885292411,-11.3419662761166
1.16033641787001,-7.00409395848833,2.20266944298581,3.31980622377547,6.48637547187986,-8.50807444769974
1.29697866216354,-6.248293350202,0.872073310177405,9.7263781372137,6.4538850250401,3.66042129660512
1.38418599318128,-5.32465553648063,0.872073310177405,8.74637813721369,6.66564467477614,0.529972221084655
1.47139332419902,-4.49901772275927,0.872073310177405,7.76637813721369,6.55765593792678,-2.6669010616611
1.55860065521676,-3.7713799090379,0.872073310177405,6.78637813721369,6.14345361113483,-5.52951760069185
1.6458079862345,-3.14174209531653,0.872073310177405,5.80637813721369,5.47495185161481,-7.69909060166917
1.73301531725224,-2.61010428159516,0.872073310177405,4.82637813721369,4.63593750264378,-8.90369606377949
1.82022264826998,-2.17646646787379,0.872073310177405,3.8463781372137,3.73156864759584,-8.99235444565814
1.90742997928772,-1.84082865415242,0.872073310177405,2.8663781372137,2.87519459399541,-7.95395372578353
1.96176821250239,-1.57518873421908,-0.518787676077061,3.05000491467281,2.26026564779726,-2.31009277361755
1.80128059354767,-1.23485053272483,-1.94330609824684,3.17055542924512,2.42155973367986,3.59707410895814
1.60694998372298,-0.966794989800319,-1.94330609824684,2.19055542924513,2.87981382692457,5.47106037282947
1.4126193738983,-0.796739446875807,-1.94330609824684,1.21055542924513,3.492817635334,6.65932985063697
1.21828876407362,-0.724683903951294,-1.94330609824684,0.230555429245126,4.18374016588321,7.0129504758878
1.02395815424893,-0.750628361026782,-1.94330609824684,-0.749444570754874,4.865984462083,6.48760111482912
0.829627544424247,-0.874572818102269,-1.94330609824684,-1.72944457075487,5.45404125622164,5.14912656734966
0.635296934599563,-1.09651727517776,-1.94330609824684,-2.70944457075487,5.87420629585034,3.16528489174592
0.440966324774879,-1.41646173225324,-1.94330609824684,-3.68944457075487,6.07381808558473,0.784721404492215
0.246635714950194,-1.83440618932873,-1.94330609824684,-4.66944457075487,6.0278582294346,-1.69419534567857
0.0523051051255099,-2.35035064640422,-1.94330609824684,-5.64944457075487,5.74208711801945,-3.96076967804565
-0.142025504699174,-2.96429510347971,-1.94330609824684,-6.62944457075487,5.2523219485065,-5.73091990449417
-0.336356114523859,-3.67623956055519,-1.94330609824684,-7.60944457075487,4.61994756680713,-6.78278378235584
-0.528041482813842,-4.46299551176712,-1.7371285514792,-6.80405759730859,3.97085704901707,-3.39570200450202
-0.637974792258512,-4.67947481643996,-0.626036587738178,1.01748337256684,4.66995445694017,14.2910427248279
-0.700396521109873,-4.62539391771971,-0.624195187710961,0.0509705144206906,6.03690496347956,12.732199109512
-0.762816039880969,-4.66929686627764,-0.624195187710961,-0.929029485579309,7.16294294409797,9.55033800402937
-0.825235558652065,-4.81119981483557,-0.624195187710961,-1.90902948557931,7.90690352916848,5.17148278126175
-0.887655077423162,-5.0511027633935,-0.624195187710961,-2.88902948557931,8.17554222374057,0.144458408472864
-0.950074596194258,-5.38900571195143,-0.624195187710961,-3.86902948557931,7.93518912661497,-4.90067169675651
-1.01249411496535,-5.82490866050936,-0.624195187710961,-4.84902948557931,7.21596895622905,-9.33157483012729
-1.07434771610214,-6.35547432543279,-0.534828077398679,-5.3014711291823,6.11479365597748,-11.5231617825073
-1.03428615571031,-6.37353920859842,1.39566966421136,5.36449328734144,5.98844148915963,9.88144852065072
-0.878627681433588,-5.78647604741502,1.57273445295408,5.48087043369992,7.03668271241066,9.0438375943308
-0.72135423613818,-5.28738900404502,1.57273445295408,4.50087043369992,7.73896821306333,4.8532982058688
-0.564080790842772,-4.88630196067503,1.57273445295408,3.52087043369993,7.98698004008558,0.054469414550951
-0.406807345547364,-4.58321491730504,1.57273445295408,2.54087043369993,7.74963356612953,-4.75118631506661
-0.249533900251956,-4.37812787393505,1.57273445295408,1.56087043369993,7.0566766737291,-8.96135086232926
-0.0922604549565482,-4.27104083056505,1.57273445295408,0.580870433699929,5.99496129665614,-12.0483421500362
0.0650129903388596,-4.26195378719506,1.57273445295408,-0.399129566300071,4.69755781002418,-13.6252513159142
0.217539015888927,-4.22730709716937,1.36471925783374,3.52993700158294,3.57357852324201,-3.72382501227875
0.331527841591378,-3.5469320990224,1.05428881576851,7.61886819675034,3.98696757017286,6.96702360643191
0.436956723168229,-2.83404527934737,1.05428881576851,6.63886819675034,4.67704679637487,6.68856904110381
0.542385604745081,-2.21915845967234,1.05428881576851,5.65886819675034,5.29661907237632,5.57180092163351
0.647814486321932,-1.7022716399973,1.05428881576851,4.67886819675034,5.76803014454725,3.75668967304004
1.24842615603021,-0.79898341088284,0,0,1.88062382644428,0
1.24842615603021,-0.84798341088284,0,-0.98,2.02061555436233,2.77021816876958
1.24842615603021,-0.99498341088284,0,-1.96,2.42304483817653,5.1932303171251
1.24842615603021,-1.23998341088284,0,-2.94,3.03747309810079,6.96534758227422
1.24842615603021,-1.58298341088284,0,-3.92,3.78689080710546,7.86446118224414
1.24842615603021,-2.02398341088284,0,-4.9,4.57736950017441,7.77788047829387
1.24842615603021,-2.56298341088284,0,-5.88,5.30983432309091,6.71645708566085
1.24842615603021,-3.19998341088284,0,-6.85999999999999,5.89248160526298,4.81322478351917
1.24842615603021,-3.93498341088284,0,-7.83999999999999,6.25228509684288,2.30672569139112
1.24842615603021,-4.76798341088284,0,-8.82,6.34414873289507,-0.488887469937054
1.24842615603021,-5.69898341088284,0,-9.8,6.15655876051743,-3.22322579203091
1.21893850266417,-6.57895580924685,-1.05469751408121,-5.34356432168285,6.01569614769764,5.44666465412137
1.04536565963196,-6.78053028047873,-1.97483673028702,-1.127502144612,7.19515807840424,12.9226907467178
0.84788198660326,-6.94228049493993,-1.97483673028702,-2.107502144612,8.26726063410414,8.29254834670567
0.650398313574558,-7.20203070940113,-1.97483673028702,-3.087502144612,8.81887584708879,2.6230572258567
0.452914640545855,-7.55978092386233,-1.97483673028702,-4.067502144612,8.78086688004255,-3.37519545995454
0.255430967517153,-8.01553113832353,-1.97483673028702,-5.047502144612,8.15799759681793,-8.95041713793337
0.0530122532214212,-8.2998134051806,-2.09346132812269,1.96950503079647,7.56436516529836,2.430521261539
-0.156862341723668,-7.79619362463794,-2.09681636393417,5.56423719536358,8.28744236354865,6.78881284530513
-0.366543978117085,-7.28876990510158,-2.09681636393417,4.58423719536358,8.69057379297227,1.1885300088814
-0.576225614510501,-6.87934618556523,-2.09681636393417,3.60423719536358,8.52016181395419,-4.56071754771211
-0.785907250903918,-6.56792246602887,-2.09681636393417,2.62423719536358,7.797565056559,-9.73834637482769
-0.995588887297336,-6.35449874649251,-2.09681636393417,1.64423719536358,6.61335037480902,-13.6954170061317
-1.16970494020521,-6.03804973481099,-0.952881829156829,6.95643001271362,5.52219338818374,-3.26123807233454
-1.20507329008618,-5.09362722453415,-0.180466419060275,9.79352210685844,5.71361297673052,2.67783614094049
-1.22311993199221,-4.1632750138483,-0.180466419060275,8.81352210685843,5.87556645498546,0.526970847964547
-1.24116657389823,-3.33092280316246,-0.180466419060275,7.83352210685843,5.81679620744818,-1.68994247436056
-1.25921321580426,-2.59657059247662,-0.180466419060275,6.85352210685843,5.54466821850071,-3.6950464136263
-1.27725985771029,-1.96021838179077,-0.180466419060275,5.87352210685843,5.09328972097829,-5.2370307419776
-1.29530649961631,-1.42186617110493,-0.180466419060275,4.89352210685843,4.51923435719678,-6.12263044940145
-1.31335314152234,-0.981513960419088,-0.180466419060275,3.91352210685843,3.89445150666317,-6.24084866441927
-1.33139978342837,-0.639161749733244,-0.180466419060275,2.93352210685844,3.29724849173371,-5.57686847607006
-1.34944642533439,-0.3948095390474,-0.180466419060275,1.95352210685844,2.80247590883838,-4.21391001532885
-1.36749306724042,-0.248457328361556,-0.180466419060275,0.973522106858437,2.47214620935565,-2.32280003817401
-1.38553970914645,-0.200105117675713,-0.180466419060275,-0.00647789314156298,2.34766135276279,-0.140561309344252
-1.40358635105247,-0.249752906989869,-0.180466419060275,-0.986477893141563,2.44462368119078,2.05929470801599
-1.4216329929585,-0.397400696304025,-0.180466419060275,-1.96647789314156,2.75088039578722,4.0010484832876
-1.43967963486453,-0.643048485618182,-0.180466419060275,-2.94647789314156,3.22804673094103,5.44132979802741
-1.45772627677055,-0.986696274932338,-0.180466419060275,-3.92647789314156,3.81631691894675,6.19962061609482
-1.47577291867658,-1.42834406424649,-0.180466419060275,-4.90647789314156,4.44195996157701,6.18088035903249
-1.49381956058261,-1.96799185356065,-0.180466419060275,-5.88647789314156,5.02656072407378,5.38745784188075
-1.51186620248863,-2.60563964287481,-0.180466419060275,-6.86647789314156,5.49684811661953,3.91879688382774
-1.52991284439466,-3.34128743218896,-0.180466419060275,-7.84647789314156,5.79387854558705,1.95897249106158
-1.54795948630069,-4.17493522150312,-0.180466419060275,-8.82647789314156,5.88042362429846,-0.246380232385614
-1.56600612820671,-5.10658301081727,-0.180466419060275,-9.80647789314157,5.74563620262916,-2.4208528247953
-1.55696993094652,-6.03724520868826,0.93269878399919,-6.64328387273483,5.61104777877589,4.24361767553703
-1.36679159760161,-6.3587131929894,2.30272798173709,-2.03101413144524,6.72987879389832,13.2540547671094
-1.1365187994279,-6.61081460613393,2.30272798173709,-3.01101413144524,7.86358057304325,9.18013697811809
-0.906246001254191,-6.96091601927845,2.30272798173709,-3.99101413144524,8.52739035574824,3.95562431448828
-0.675973203080483,-7.40901743242297,2.30272798173709,-4.97101413144524,8.63810936888847,-1.76466755948833
-0.445700404906774,-7.9551188455675,2.30272798173709,-5.95101413144523,8.18186061593598,-7.2637843622356
-0.207161275656802,-8.3826322565287,2.54229185971762,0.0878255723665913,7.64724912108171,2.0732657281416
0.0542993434802542,-8.0261367603272,2.63260001299232,4.39800582476603,8.41166385901706,7.75150295905668
0.317559344779486,-7.63533617785059,2.63260001299232,3.41800582476603,8.90126011994493,1.93684418638438
0.580819346078719,-7.34253559537399,2.63260001299232,2.43800582476604,8.79090654640636,-4.12056946006423
0.844079347377951,-7.14773501289739,2.63260001299232,1.45800582476604,8.09443433247355,-9.66153045298002
1.10703189516513,-7.0489339762581,2.5794978147774,0.821031474049048,6.9031831149728,-13.2975605346063
1.2913819706689,-6.58757998471655,0.954809861513187,8.99205920112471,6.28782657802318,2.330649640481
1.36523086446917,-5.62945514833132,0.710799920613305,9.22758577128086,6.59620922140303,1.84535485040385
1.4363108565305,-4.75569657120323,0.710799920613305,8.24758577128085,6.62135071818085,-1.34784380281807
1.50739084859184,-3.97993799407514,0.710799920613305,7.26758577128085,6.33229542303624,-4.37211009964787
1.57847084065317,-3.30217941694706,0.710799920613305,6.28758577128086,5.76527215716256,-6.84839683097474
1.6495508327145,-2.72242083981897,0.710799920613305,5.30758577128086,4.99134893023473,-8.46633795018673
1.72063082477583,-2.24066226269089,0.710799920613305,4.32758577128086,4.10752561278261,-9.02314838298101
1.79171081683716,-1.8569036855628,0.710799920613305,3.34758577128086,3.22457643199065,-8.44904014780989
1.86279080889849,-1.57114510843472,0.710799920613305,2.36758577128086,2.4531660548946,-6.81596925084122
1.84676272375922,-1.31569799972081,-1.47830863938001,3.05102507859992,2.10910650718175,1.09647677026558
1.6671944302296,-1.03731228137449,-1.83230070909595,2.31935779359949,2.41835164811889,4.33553061395655
1.48396435932,-0.854376502014536,-1.83230070909595,1.33935779359949,2.94910331496499,6.16721788814415
1.30073428841041,-0.769440722654587,-1.83230070909595,0.359357793599493,3.62592028082753,7.22593529159183
1.11750421750081,-0.782504943294638,-1.83230070909595,-0.620642206400507,4.36397351386398,7.37898820101265
0.934274146591218,-0.893569163934689,-1.83230070909595,-1.60064220640051,5.07075891863388,6.60719368988554
0.751044075681623,-1.10263338457474,-1.83230070909595,-2.58064220640051,5.65769136114981,5.00728482559891
0.567814004772028,-1.40969760521479,-1.83230070909595,-3.56064220640051,6.05120750986868,2.77978660507645
0.384583933862433,-1.81476182585484,-1.83230070909595,-4.5406422064005,6.20198591513445,0.203883101723152
0.201353862952838,-2.31782604649489,-1.83230070909595,-5.5206422064005,6.09112872600033,-2.39757414360294
0.0181237920432427,-2.91889026713494,-1.83230070909595,-6.5006422064005,5.73253025732946,-4.69853080509793
-0.165106278866352,-3.61795448777499,-1.83230070909595,-7.4806422064005,5.17113554220131,-6.41059587641373
-0.348336349775948,-4.41501870841504,-1.83230070909595,-8.4606422064005,4.47730713440465,-7.31918723302888
-0.501958525273224,-4.98142960845329,-1.03094843730073,-0.83037797791091,4.39357368673686,9.76692553314701
-0.582763313842312,-4.89797724613046,-0.766177353647048,0.74296695690235,5.75877635295015,13.7093942581843
-0.659381049207016,-4.87268055044023,-0.766177353647048,-0.237033043097649,6.99791356818121,10.8112004840671
-0.735998784571721,-4.94538385474999,-0.766177353647048,-1.21703304309765,7.87565738795826,6.55798206320794
-0.812616519936425,-5.11608715905976,-0.766177353647048,-2.19703304309765,8.28199556053353,1.48281724135253
-0.88923425530113,-5.38479046336952,-0.766177353647048,-3.17703304309765,8.16599958453656,-3.77819686810608
-0.965851990665835,-5.75149376767929,-0.766177353647048,-4.15703304309765,7.54220784602819,-8.56566968260512
-1.04246972603054,-6.21619707198905,-0.766177353647048,-5.13703304309765,6.48880344608655,-12.2795620419287
-1.06821659904592,-6.47343936445493,0.728947585878765,2.88237746806372,5.75371126254822,3.605402512419
-0.937984481502366,-5.88513588305127,1.44293090701841,6.25181920551451,6.70109131168277,9.7951222974244
-0.793691390800524,-5.30895396249982,1.44293090701841,5.27181920551451,7.4979599699677,5.97366681862293
-0.649398300098683,-4.83077204194836,1.44293090701841,4.29181920551451,7.87076178594878,1.40350024318227
-0.505105209396842,-4.45059012139691,1.44293090701841,3.31181920551452,7.77277154629845,-3.34257440310882
-0.360812118695001,-4.16840820084546,1.44293090701841,2.33181920551452,7.2162708833923,-7.66970661029295
-0.21651902799316,-3.98422628029401,1.44293090701841,1.35181920551452,6.27100895370702,-11.0355541288478
-0.0722259372913188,-3.89804435974256,1.44293090701841,0.371819205514517,5.0554604090003,-13.0182575777041
0.0720514090324674,-3.90887278366239,1.43930916866898,-0.392003797221766,3.72395567010277,-12.9369855615782
0.20305689304346,-3.60200274841537,1.1202887382384,7.01738485265417,3.2654102154348,4.84512358371997
0.310904857861656,-2.87946105264729,1.07443181830185,6.8008359958543,3.93034037143129,7.04350271273527
0.418348039691841,-2.24837745306186,1.07443181830185,5.8208359958543,4.63145576424777,6.83047847621835
0.525791221522026,-1.71529385347643,1.07443181830185,4.8408359958543,5.26777837082669,5.76135442930747
1.02644956831256,-0.917646125698211,0,0,1.80466915809991,0
1.02644956831256,-0.966646125698211,0,-0.98,1.94942078515241,2.86440915605045
1.02644956831256,-1.11364612569821,0,-1.96,2.36553318316337,5.3698068396032
1.02644956831256,-1.35864612569821,0,-2.94,3.00085279564172,7.20217837521507
1.02644956831256,-1.70164612569821,0,-3.92,3.77575167240881,8.13186299612969
1.02644956831256,-2.14264612569821,0,-4.9,4.59310765960717,8.04233843668221
1.02644956831256,-2.68164612569821,0,-5.88,5.35047723031459,6.94482528101096
1.02644956831256,-3.31864612569821,0,-6.85999999999999,5.95293527084605,4.97688062820153
1.02644956831256,-4.05364612569821,0,-7.83999999999999,6.32497254476161,2.38515733721155
1.02644956831256,-4.88664612569821,0,-8.82,6.41995966280974,-0.505510273867005
1.02644956831256,-5.81764612569821,0,-9.8,6.22599138965368,-3.33281962222207
1.00160912324564,-6.69116375758709,-0.880376015345315,-5.1611988870002,6.08105977810906,5.5535034098558
0.857953499861859,-6.87070925573856,-1.62917486747545,-0.913519913199863,7.27031036331832,12.94741023004
0.695036013114314,-7.01106124705854,-1.62917486747545,-1.89351991319986,8.34012339562245,8.2225227627844
0.53211852636677,-7.24941323837853,-1.62917486747545,-2.87351991319986,8.88031681189581,2.46706324961076
0.369201039619225,-7.58576522969852,-1.62917486747545,-3.85351991319986,8.82318532870833,-3.59760628261857
0.20628355287168,-8.0201172210185,-1.62917486747545,-4.83351991319986,8.17588953548508,-9.21136888825245
0.0395476228832838,-8.28857662027957,-1.72146254788843,2.12093075319812,7.544528540706,2.0430375015876
-0.13284982835543,-7.76118598589873,-1.72171953808653,5.84299479196897,8.24796898345979,6.69702098932042
-0.305021782164084,-7.22588650670184,-1.72171953808653,4.86299479196897,8.64458748971662,1.15144126342702
-0.477193735972737,-6.78858702750494,-1.72171953808653,3.88299479196897,8.47342629290545,-4.5384546550026
-0.649365689781391,-6.44928754830804,-1.72171953808653,2.90299479196897,7.75593792649936,-9.65952216944879
-0.821537643590044,-6.20798806911114,-1.72171953808653,1.92299479196897,6.58204898299682,-13.5699109405286
-0.973216001302774,-5.92970950157098,-0.939746605782985,5.97005103730055,5.3709347043067,-5.67086498073031
-1.00491633811731,-5.0186704860635,-0.0865797367178723,9.92303731712686,5.46394275499707,2.77902825002677
-1.01357431178909,-4.07536675435081,-0.0865797367178723,8.94303731712685,5.65144940662434,0.931436224505616
-1.02223228546088,-3.23006302263813,-0.0865797367178723,7.96303731712684,5.64632210146574,-1.03289760436497
-1.03089025913267,-2.48275929092544,-0.0865797367178723,6.98303731712685,5.44920347165969,-2.86777294120077
-1.03954823280445,-1.83345555921276,-0.0865797367178723,6.00303731712685,5.08479943234882,-4.34321520465658
-1.04820620647624,-1.28215182750007,-0.0865797367178723,5.02303731712685,4.59878265932894,-5.27429945186558
-1.05686418014803,-0.828848095787387,-0.0865797367178723,4.04303731712685,4.052068192255,-5.54432799463039
-1.06552215381981,-0.473544364074702,-0.0865797367178723,3.06303731712685,3.51317863217717,-5.11945673476424
-1.0741801274916,-0.216240632362017,-0.0865797367178723,2.08303731712685,3.04965584337521,-4.05293702300841
-1.08283810116338,-0.0569369006493317,-0.0865797367178723,1.10303731712685,2.71959557609319,-2.47844138702644
-1.09149607483517,0.00436683106335348,-0.0865797367178723,0.123037317126852,2.56436602045325,-0.593309650106888
-1.10015404850696,-0.0323294372239614,-0.0865797367178723,-0.856962682873148,2.60342291350155,1.36618470732152
-1.10881202217874,-0.167025705511276,-0.0865797367178723,-1.83696268287315,2.83187104930794,3.1544479462982
-1.11746999585053,-0.399721973798591,-0.0865797367178723,-2.81696268287315,3.22107782088291,4.54734762498048
-1.12612796952231,-0.730418242085906,-0.0865797367178723,-3.79696268287315,3.72226189547978,5.37030429700318
-1.1347859431941,-1.15911451037322,-0.0865797367178723,-4.77696268287314,4.27260723572452,5.52017247215034
-1.14344391686589,-1.68581077866053,-0.0865797367178723,-5.75696268287314,4.80313616412641,4.97816838341021
-1.15210189053767,-2.31050704694785,-0.0865797367178723,-6.73696268287314,5.24735469836863,3.81222425533678
-1.16075986420946,-3.03320331523516,-0.0865797367178723,-7.71696268287314,5.54958659201299,2.16847400087624
-1.16941783788125,-3.85389958352248,-0.0865797367178723,-8.69696268287314,5.67195153144243,0.252937489078598
-1.17807581155303,-4.77259585180979,-0.0865797367178723,-9.67696268287315,5.59911287489888,-1.69430100919818
-1.18100483046265,-5.76240619131557,0.301788057609614,-8.81123133075777,5.39511478482385,0.33562940311646
-1.06281000360549,-6.23879759281446,1.78446504283546,-1.999168115186,6.26201919076223,14.1895246321005
-0.883830213503864,-6.48457121209811,1.78990922086196,-2.94707879038217,7.52287297601524,10.6983527456333
-0.704839291417668,-6.82827909113633,1.78990922086196,-3.92707879038216,8.35667078928651,5.80120680695123
-0.525848369331472,-7.26998697017454,1.78990922086196,-4.90707879038216,8.65877501460696,0.176965092414571
-0.346857447245276,-7.80969484921276,1.78990922086196,-5.88707879038216,8.39132133970908,-5.46945658830945
-0.166161806176292,-8.38277672953003,1.87284947447476,-3.4479268980298,7.71687635485846,-3.61279671157792
0.0283521165903386,-8.22571218941041,1.97101856843954,4.5098133636919,8.22664753355602,9.5316224394966
0.225453973434293,-7.82373085304121,1.97101856843954,3.5298133636919,8.90211597654256,3.83484557427312
0.422555830278248,-7.51974951667202,1.97101856843954,2.5498133636919,8.97752731604736,-2.34257266623049
0.619657687122202,-7.31376818030283,1.97101856843954,1.56981336369191,8.44342985207558,-8.22638394745071
0.816759543966156,-7.20578684393364,1.97101856843954,0.589813363691905,7.36676483028802,-13.0791392400404
0.982406738929758,-6.94979281019537,1.02594210064156,6.78403131466014,6.37568056384683,-1.97069278360711
1.04210668886987,-6.02802117326793,0.480976946414113,9.49948969976176,6.62354459623075,2.51633276992118
1.09020438351128,-5.12707220329175,0.480976946414113,8.51948969976175,6.71266327704848,-0.752812935494199
1.13830207815269,-4.32412323331558,0.480976946414113,7.53948969976175,6.47614048244071,-3.92760463425785
1.1863997727941,-3.6191742633394,0.480976946414113,6.55948969976175,5.94362085887394,-6.61012897654683
1.23449746743551,-3.01222529336322,0.480976946414113,5.57948969976176,5.18184789297031,-8.46417107071417
1.28259516207692,-2.50327632338705,0.480976946414113,4.59948969976176,4.28629859910934,-9.25735406486788
1.33069285671833,-2.09232735341087,0.480976946414113,3.61948969976176,3.36921688280286,-8.89026416051827
1.37879055135974,-1.7793783834347,0.480976946414113,2.63948969976176,2.54554542137327,-7.40891066707105
1.4196555233393,-1.55623110943698,0.0113619660139127,2.18608061413842,1.94035701298901,-3.59091011867242
1.33621348984286,-1.29702806740939,-1.21838187702663,2.4998715126308,1.96845688885264,2.78518210697448
1.2143753021402,-1.09604091614631,-1.21838187702663,1.5198715126308,2.37561983542988,5.27193818929264
1.09253711443753,-0.993053764883233,-1.21838187702663,0.5398715126308,3.00072578326862,7.09793451661265
0.97069892673487,-0.988066613620153,-1.21838187702663,-0.4401284873692,3.76542691452529,8.03430936058048
0.848860739032207,-1.08107946235707,-1.21838187702663,-1.4201284873692,4.57387921244923,7.96370193466964
0.727022551329544,-1.27209231109399,-1.21838187702663,-2.4001284873692,5.32475509634742,6.89496183913005
0.605184363626881,-1.56110515983091,-1.21838187702663,-3.3801284873692,5.92394334047346,4.96203989401158
0.483346175924217,-1.94811800856783,-1.21838187702663,-4.3601284873692,6.29634452917698,2.40719937802229
0.361507988221554,-2.43313085730475,-1.21838187702663,-5.3401284873692,6.39528366185107,-0.449348103019219
0.239669800518891,-3.01614370604167,-1.21838187702663,-6.32012848736919,6.20836017636974,-3.2495764217434
0.117831612816228,-3.69715655477859,-1.21838187702663,-7.30012848736919,5.75900217678794,-5.64251822775485
-0.00400657488643499,-4.47616940351551,-1.21838187702663,-8.28012848736919,5.10353006578456,-7.32825353250261
-0.124171019759211,-5.25608928793516,-1.13156804717128,-4.75555595481359,4.51783560961,0.876843582249849
-0.223132494710937,-5.2801197361607,-0.91930359591242,1.4835147345794,5.56738257524239,14.2942302750997
-0.315062854302179,-5.18076826270276,-0.91930359591242,0.503514734579402,6.87577072893639,11.5967326367599
-0.406993213893421,-5.17941678924482,-0.91930359591242,-0.476485265420598,7.83807429194955,7.44575547339037
-0.498923573484663,-5.27606531578688,-0.91930359591242,-1.4564852654206,8.3336826949519,2.36156259593854
-0.590853933075905,-5.47071384232894,-0.91930359591242,-2.4364852654206,8.30047872883815,-3.01861734849154
-0.682784292667147,-5.763362368871,-0.91930359591242,-3.4164852654206,7.74262402140896,-8.02045809617166
-0.77471465225839,-6.15401089541306,-0.91930359591242,-4.3964852654206,6.7300374386662,-12.0170526257843
-0.847088128388281,-6.49117888988789,-0.128383540207552,0.728591863936682,5.69413087598193,-2.26444869322787
-0.791933703529366,-5.94920474965432,0.817840706822966,6.95148430132655,6.40504818422629,9.94450225027845
-0.710149632847069,-5.30305631952167,0.817840706822966,5.97148430132655,7.23509379286544,6.48080701896209
-0.628365562164772,-4.75490788938901,0.817840706822966,4.99148430132655,7.67401896041667,2.20483814104844
-0.546581491482475,-4.30475945925636,0.817840706822966,4.01148430132655,7.66681088594705,-2.3474747032138
-0.464797420800178,-3.9526110291237,0.817840706822966,3.03148430132655,7.21437299536487,-6.60556619011735
-0.383013350117882,-3.69846259899104,0.817840706822966,2.05148430132656,6.37341171029582,-10.0357473069148
-0.301229279435585,-3.54231416885839,0.817840706822966,1.07148430132656,5.24932913386268,-12.2080954041348
-0.219445208753289,-3.48416573872573,0.817840706822966,0.0914843013265558,3.98301245045912,-12.8503386635553
-0.13403385587339,-3.44640441774711,0.974341642703426,2.64231421078777,2.88817878064983,-4.84463149064966
-0.0250389028625111,-2.87688626268674,1.12907317716859,6.59975149779887,3.19057157134494,6.5188774348179
0.0878684148543482,-2.26591111290685,1.12907317716859,5.61975149779887,3.88668454355344,7.25611364469035
0.200775732571207,-1.75293596312697,1.12907317716859,4.63975149779888,4.61135082570918,7.0839029487359
1.01589784274378,-1.1406036854923,0,0,1.5274243661308,0
1.01589784274378,-1.1896036854923,0,-0.98,1.6895502675247,3.20821897371239
1.01589784274378,-1.3366036854923,0,-1.96,2.15560787932776,6.01433498129836
1.01589784274378,-1.5816036854923,0,-2.94,2.86718374858488,8.06664273734051
1.01589784274378,-1.9246036854923,0,-3.92,3.73509232718349,9.10791571124046
1.01589784274378,-2.3656036854923,0,-4.9,4.65055406590481,9.00764568186078
1.01589784274378,-2.9046036854923,0,-5.88,5.49882932774144,7.77840001963198
1.01589784274378,-3.5416036854923,0,-6.85999999999999,6.17359931038026,5.57424655188352
1.01589784274378,-4.2766036854923,0,-7.83999999999999,6.59029154116124,2.67144343131567
1.01589784274378,-5.10960368549229,0,-8.82,6.69667979010835,-0.566185751990414
1.01589784274378,-6.0406036854923,0,-9.8,6.47942985815535,-3.73285189561286
0.992664884804919,-6.91733713379107,-0.847351478483746,-5.12308986468866,6.27268439413144,4.93317645057776
0.850420860828533,-7.06289044332942,-1.63083962038946,-0.397302526412206,7.44882743171793,13.0584196364122
0.687336898789586,-7.15162069597064,-1.63083962038946,-1.37730252641221,8.51832128945451,8.10519738902903
0.52425293675064,-7.33835094861186,-1.63083962038946,-2.35730252641221,9.03586105142187,2.13610810220083
0.361168974711693,-7.62308120125308,-1.63083962038946,-3.3373025264122,8.93658073589299,-4.10071085352216
0.198085012672747,-8.0058114538943,-1.63083962038946,-4.3173025264122,8.23292366724263,-9.82356613936717
0.0319711630185101,-8.25312104047121,-1.70787319138041,2.202705971277,7.47770185343377,0.555277218539302
-0.13862951416813,-7.67513946265246,-1.70141046318051,6.59254555258059,8.12360195900947,6.68422000454328
-0.30877056048618,-7.0648849073944,-1.70141046318051,5.61254555258059,8.52676100725772,1.29366938313006
-0.478911606804231,-6.55263035213634,-1.70141046318051,4.63254555258059,8.37690816550456,-4.25902362948848
-0.649052653122282,-6.13837579687828,-1.70141046318051,3.65254555258059,7.69282527895586,-9.27791079895962
-0.819193699440333,-5.82212124162022,-1.70141046318051,2.6725455525806,6.56025205553488,-13.1339485862235
-0.984835946668823,-5.57723214125053,-1.38510168517759,3.53805573871828,5.17510182069302,-11.6062737715719
-1.0379814863479,-4.81820014497974,0.0958269057084785,10.2764008330413,4.88660221102457,3.12248461417233
-1.02822116214085,-3.83873664658449,0.0976156807271233,9.30469236985732,5.14556441651145,1.98524185670474
-1.01845959406813,-2.95726740959876,0.0976156807271233,8.32469236985732,5.27530963507505,0.582213857771638
-1.00869802599542,-2.17379817261303,0.0976156807271233,7.34469236985732,5.25956447372446,-0.89378606763449
-0.998936457922709,-1.48832893562729,0.0976156807271233,6.36469236985732,5.10030235638576,-2.25776308193533
-0.989174889849997,-0.900859698641563,0.0976156807271233,5.38469236985732,4.81748444228753,-3.33876276848388
-0.979413321777284,-0.41139046165583,0.0976156807271233,4.40469236985732,4.44655778883415,-4.00129774819052
-0.969651753704571,-0.0199212246700978,0.0976156807271233,3.42469236985732,4.03401258537395,-4.16232902569783
-0.959890185631859,0.273548012315635,0.0976156807271233,2.44469236985733,3.63155529312975,-3.80167370363357
-0.950128617559146,0.469017249301367,0.0976156807271233,1.46469236985733,3.28962800232748,-2.96453461133436
-0.940367049486434,0.5664864862871,0.0976156807271233,0.484692369857326,3.05108625959387,-1.75583479639345
-0.930605481413721,0.565955723272833,0.0976156807271233,-0.495307630142674,2.94582775678593,-0.327066966975914
-0.920843913341009,0.467424960258565,0.0976156807271233,-1.47530763014267,2.98704509594402,1.14269388647107
-0.911082345268296,0.270894197244298,0.0976156807271233,-2.45530763014267,3.16957229105942,2.46923490208884
-0.901320777195584,-0.0236365657699695,0.0976156807271233,-3.43530763014267,3.47053224828142,3.48629371393941
-0.891559209122871,-0.416167328784237,0.0976156807271233,-4.41530763014267,3.85220407247478,4.06639698922754
-0.881797641050158,-0.906698091798504,0.0976156807271233,-5.39530763014267,4.26675082550029,4.13683733187475
-0.872036072977446,-1.49522885481277,0.0976156807271233,-6.37530763014267,4.66221518139516,3.68878608307715
-0.862274504904733,-2.18175961782704,0.0976156807271233,-7.35530763014267,4.98903151144431,2.77839986356328
-0.852512936832021,-2.9662903808413,0.0976156807271233,-8.33530763014267,5.20623820524836,1.5197821688148
-0.842751368759308,-3.84882114385557,0.0976156807271233,-9.31530763014267,5.28661160490086,0.0706821775479831
-0.832989800686596,-4.82935190686984,0.0976156807271233,-10.2953076301427,5.22007808928897,-1.38727678295513
-0.805131378203036,-5.78787234240273,0.766827418281758,-6.72827160096022,5.25684533749541,6.4626157289028
-0.683338813003235,-6.16946644765011,1.37828890574716,-3.0531758384816,6.49536356105243,13.6971241542155
-0.545509922428519,-6.52378403149827,1.37828890574716,-4.0331758384816,7.68713933046307,9.88626137102529
-0.407681031853803,-6.97610161534643,1.37828890574716,-5.0131758384816,8.43113741282519,4.83630142730118
-0.269852141279086,-7.52641919919459,1.37828890574716,-5.9931758384816,8.63410861345519,-0.819817623571699
-0.13202325070437,-8.17473678304275,1.37828890574716,-6.9731758384816,8.27061348372231,-6.37318461762156
0.00782841447465518,-8.64224784312052,1.41730337820181,0.0446163328261615,7.94053897640191,4.69563512954025
0.148214165127009,-8.35396134094925,1.39808983863752,3.32498281359251,8.81670203754211,7.83879761625107
0.288023148990761,-8.07046305959,1.39808983863752,2.34498281359251,9.28946185596967,1.51638256571317
0.427832132854513,-7.88496477823075,1.39808983863752,1.36498281359251,9.11361647358349,-4.99608869114217
0.567641116718266,-7.7974664968715,1.39808983863752,0.384982813592514,8.31120551748377,-10.8823738621188
0.701308576009213,-7.73607786967595,1.08888230228788,2.95519191813981,7.12678475037453,-8.30450519078451
0.762907080609676,-6.99494708010817,0.339311580064272,9.69791492527628,7.10706855871928,3.54800407665283
0.796838238616103,-6.07415558758054,0.339311580064272,8.71791492527627,7.26688884845237,-0.385409564631472
0.83076939662253,-5.25136409505291,0.339311580064272,7.73791492527627,7.03160365547958,-4.2705177970566
0.864700554628957,-4.52657260252529,0.339311580064272,6.75791492527627,6.43070251114269,-7.62037956184678
0.898631712635385,-3.89978110999766,0.339311580064272,5.77791492527627,5.53949951789633,-10.0151390565665
0.932562870641812,-3.37098961747003,0.339311580064272,4.79791492527627,4.46969383652719,-11.1546484721804
0.966494028648239,-2.9401981249424,0.339311580064272,3.81791492527627,3.35536984255651,-10.8960870973792
0.983463139210117,-2.56095757719517,-0.396524855895094,4.82184033195314,2.43481379160585,-5.06079791114357
0.878833612742441,-1.96393985523791,-1.27023893484829,6.03275523901807,2.39239380044525,1.88315367619669
0.751809719257612,-1.40966433133611,-1.27023893484829,5.05275523901807,2.68467904006635,3.90071579483146
0.624785825772783,-0.9533888074343,-1.27023893484829,4.07275523901807,3.15617126451864,5.429380676743
0.497761932287955,-0.595113283532493,-1.27023893484829,3.09275523901807,3.74777587224879,6.27755270822975
0.370738038803125,-0.334837759630685,-1.27023893484829,2.11275523901808,4.38534394465905,6.33892602538845
0.243714145318296,-0.172562235728878,-1.27023893484829,1.13275523901808,4.98896572025776,5.60580838743315
0.116690251833467,-0.10828671182707,-1.27023893484829,0.152755239018075,5.48298610556385,4.17008528570947
-0.0103336416513626,-0.142011187925262,-1.27023893484829,-0.827244760981924,5.80548692608182,2.21170345154958
-0.137357535136192,-0.273735664023455,-1.27023893484829,-1.80724476098192,5.91604745693093,-0.023882814478533
-0.264381428621021,-0.503460140121647,-1.27023893484829,-2.78724476098192,5.80081056499712,-2.25647572166989
-0.39140532210585,-0.83118461621984,-1.27023893484829,-3.76724476098192,5.47421949634089,-4.20625265273572
-0.51842921559068,-1.25690909231803,-1.27023893484829,-4.74724476098192,4.97720762817004,-5.62883780489853
-0.645453109075509,-1.78063356841622,-1.27023893484829,-5.72724476098192,4.37206807327314,-6.34593109519356
-0.772477002560338,-2.40235804451442,-1.27023893484829,-6.70724476098192,3.73464615639905,-6.26765544810683
-0.899450137039909,-3.12190709065055,-1.25096623651504,-7.62053598154629,3.14519855264297,-5.26495684839431
-0.934626104034064,-3.60730280341651,0.735726607061456,-1.29619910887838,3.36054535582422,11.1556342234562
-0.839096215889921,-3.70020292834899,0.980512936809856,-1.31989926611569,4.67388597296312,13.2655292627977
-0.741044922208936,-3.88119285496056,0.980512936809856,-2.29989926611569,5.93755533030015,11.7405183471316
-0.642993628527951,-4.16018278157213,0.980512936809856,-3.27989926611569,6.97273156989392,8.74400648672029
-0.544942334846966,-4.5371727081837,0.980512936809856,-4.25989926611569,7.64967060639068,4.65156228112732
-0.44689104116598,-5.01216263479527,0.980512936809856,-5.23989926611569,7.88352810819859,-0.0238867023109536
-0.348839747484995,-5.58515256140683,0.980512936809856,-6.21989926611568,7.64499348403067,-4.69634183960254
-0.250788453804009,-6.2561424880184,0.980512936809856,-7.19989926611568,6.9639635335394,-8.78017974125017
-0.150200873752065,-6.93064174763049,1.09719275403809,-3.54840459366776,6.11442368487344,-2.53326494546541
-0.0301771269404312,-6.73423295826407,1.24182715935023,4.50579097358859,6.92731515789242,12.6627369367669
0.094005588994592,-6.33265386090521,1.24182715935023,3.5257909735886,7.99075274009061,8.38103583222019
0.218188304929615,-6.02907476354635,1.24182715935023,2.5457909735886,8.56835916895374,3.04889540463199
0.342371020864638,-5.82349566618749,1.24182715935023,1.5657909735886,8.58773999131017,-2.66537912769001
0.466553736799662,-5.71591656882863,1.24182715935023,0.585790973588598,8.04646610671536,-8.04558766826093
0.590736452734685,-5.70633747146977,1.24182715935023,-0.394209026411401,7.01237821939431,-12.4174003692548
0.714784205009772,-5.79365353216298,1.21120783087673,-1.12435928409631,5.61730987777283,-14.7295291328021
0.773059746072432,-5.4733521328782,-0.178365988181423,8.34155235674891,5.04418735003137,5.03510233075117
0.738564019075617,-4.57174432823453,-0.364394304777962,8.66096245707539,5.71010593856122,6.05874971629902
0.702124588597821,-3.75464808252699,-0.364394304777962,7.68096245707538,6.2032781358865,3.70035963838077
